Course	Room	Teacher	Time	Students
1	81	12	1	28	62	70	89	94	164	200	244	285	381	433	450	475	530	540	577	675	723	765	776	
2	81	15	2	95	249	262	278	354	455	478	486	576	795	803	
3	81	16	3	79	97	127	144	165	197	315	358	401	408	446	448	470	553	561	597	598	620	681	706	757	799	
4	81	10	4	18	48	54	68	106	219	289	317	369	492	804	
5	81	4	5	291	308	314	485	624	666	696	717	
6	81	10	6	30	43	50	71	114	120	214	302	321	365	389	396	442	443	518	543	563	592	794	800	
7	81	21	7	112	232	236	252	257	296	305	322	352	421	422	520	568	584	651	826	
8	81	23	8	225	255	375	392	622	814	
9	81	3	9	47	91	235	328	444	477	483	575	636	646	746	753	
10	81	26	10	82	126	141	160	187	188	350	414	526	726	739	761	822	
11	81	1	11	8	90	151	185	256	275	449	531	603	760	
12	81	1	12	41	45	60	182	226	374	377	391	616	708	727	774	
13	81	21	13	63	116	118	208	340	428	562	573	643	755	
14	81	23	14	87	148	231	335	345	413	415	481	484	551	634	639	685	769	791	
15	81	6	15	11	56	101	139	156	207	331	404	406	457	461	508	515	517	528	564	565	628	662	668	771	817	820	
16	81	7	16	36	40	69	77	88	111	215	276	376	394	459	545	552	583	673	677	684	700	763	781	
17	81	9	17	14	49	153	220	264	265	273	284	324	334	405	456	522	542	623	748	809	
18	81	12	18	107	129	161	248	277	427	490	569	586	602	617	695	701	733	
19	81	11	19	58	121	205	238	240	261	310	312	524	541	574	652	
20	81	27	20	46	67	93	172	198	218	344	447	462	495	536	600	712	823	
21	81	16	21	27	128	297	306	343	555	704	731	777	
22	81	26	22	6	29	42	96	301	303	387	502	504	538	585	599	601	659	664	
23	81	5	23	81	115	174	217	239	253	336	359	397	417	521	591	610	637	654	683	720	751	807	811	
24	81	24	24	21	75	108	109	163	195	266	280	282	707	742	
25	81	7	25	9	19	31	55	123	190	213	243	260	270	402	469	488	554	627	715	735	738	
26	81	19	26	65	221	283	287	294	337	384	385	407	434	439	506	533	676	680	682	709	752	810	
27	81	14	27	78	86	103	119	209	216	329	371	472	507	548	580	665	725	747	
28	81	3	28	145	167	246	348	432	460	489	655	661	690	722	787	797	815	
29	81	18	29	102	117	140	251	258	263	286	380	409	453	494	547	587	631	640	649	657	779	806	
30	81	18	30	191	212	464	595	606	648	679	691	694	780	
31	81	27	31	169	173	193	382	393	400	604	630	638	656	669	
32	81	29	32	53	105	113	134	154	170	178	179	202	304	309	430	480	491	523	590	607	686	702	
33	81	9	33	38	152	228	230	271	366	482	579	626	796	805	812	
34	81	14	34	22	37	104	124	186	234	339	398	416	425	474	499	614	741	756	778	793	
35	81	19	35	5	23	73	137	479	549	745	767	
36	81	25	36	17	125	159	293	333	498	500	511	519	566	621	719	734	736	764	824	
37	81	11	37	142	168	222	237	420	509	593	596	658	672	689	728	808	
38	81	6	38	25	92	162	176	320	326	330	399	471	550	572	618	619	642	644	688	802	818	
39	81	13	39	61	66	143	149	194	316	438	556	663	687	730	782	
40	81	8	40	44	57	59	130	150	171	247	267	349	467	567	635	788	789	
41	81	5	41	84	146	206	210	341	373	412	473	496	505	510	539	608	671	678	786	821	
42	81	28	42	4	52	83	122	158	272	370	465	571	714	716	759	768	783	
43	81	4	43	2	20	80	85	133	184	196	223	269	279	298	323	347	378	379	388	426	431	605	609	615	699	703	762	
44	81	2	44	233	325	419	525	560	594	737	754	773	790	
45	81	2	45	131	138	199	250	319	468	532	581	710	
46	81	25	46	1	32	189	242	290	300	361	364	437	497	529	611	653	698	711	718	740	758	
47	81	22	47	15	16	64	155	166	177	227	288	332	372	440	458	570	632	819	825	
48	81	8	48	33	135	201	418	466	501	513	535	625	674	692	705	744	785	
49	81	17	49	12	132	157	180	318	353	356	424	454	476	512	633	647	750	798	
50	81	22	50	74	211	245	292	342	360	544	558	582	612	613	770	
51	81	13	51	51	136	295	338	403	503	559	578	667	
52	81	15	52	39	110	147	192	274	368	429	451	463	546	588	641	743	749	792	801	
53	81	29	53	24	281	311	367	390	395	410	670	766	
54	81	24	54	3	13	175	181	203	204	229	423	436	445	452	527	660	693	697	713	729	732	772	
55	23	20	1	7	10	70	224	254	259	299	327	346	537	577	629	721	723	775	813	816	
56	23	28	2	72	241	249	268	278	351	357	386	441	455	487	493	516	557	803	
57	23	20	3	26	34	76	98	99	100	183	313	355	362	411	446	514	534	589	650	724	
58	23	17	4	35	307	363	383	435	645	784	
