Course	Room	Teacher	Time	Students
003465	PK338	0058557	1	1067241 770198 832928 852456 810196 807750 742461 827460 768507 899440 
006544	PK338	0127086	2	992801 851545 830276 900429 
001551	PK338	0855533	3	850337 828021 905540 833941 909692 833511 830280 771752 914599 908862 
001189	PK338	0138190	4	813277 828065 780485 828467 827460 904706 897911 
002992	PK338	0031400	5	1020150 822753 1068109 875055 1082919 1036027 888735 1067377 795445 1004997 1001196 1002241 1077161 945264 907493 1025522 1081952 1018936 827209 1077482 849022 1024283 998972 1049299 1025644 865667 989432 1058048 1004324 1076776 1005059 848150 906447 992223 836904 982172 1081917 1082150 1008282 1080792 1002706 867494 1020083 948390 1064045 1076922 959337 910056 959200 827963 742549 1076531 773175 1025623 847790 1003128 1066679 1083431 911775 
001559	PK338	0129398	6	825743 
002151	PK338	0470544	7	1078680 1067334 875055 1056722 1083430 1002248 904680 1040874 1036225 1067460 1008387 1084017 1006744 999715 1058223 1065796 1076989 993790 1083594 1068371 945809 992616 1067933 1066778 1036442 1018301 1035148 1055290 1017444 1064045 1065142 1002364 906963 904516 1034405 970262 1004225 1056963 1021867 1047339 773175 1005149 1025629 909240 989590 960068 967988 1009559 
002571	PK338	0564741	8	829837 832137 781976 812824 848789 850613 853072 807702 833657 741707 899316 860257 
007377	PK338	0031522	9	865750 822518 754424 902217 899135 950811 905453 892206 
003505	PK338	1063507	10	850337 858924 854235 806189 768507 
002671	PK338	0138190	11	862176 851187 873190 825935 
005852	PK338	0031416	12	912235 
001843	PK338	0056992	13	1003644 858872 985094 901688 915885 966299 807993 1016996 887308 1007842 819118 773014 992616 1085324 780485 899636 883015 799016 915652 1016793 960068 
002164	PK338	0180723	14	781472 911941 901946 847932 806269 852940 784558 888075 865276 799016 884876 861690 890199 851209 812300 850854 851403 886763 
002162	PK338	0986606	15	781472 911941 901946 847932 959304 806269 1015706 888075 865276 799016 884876 861690 890199 812300 851403 886763 
004853	PK338	0032827	16	858092 899135 856959 755872 
002160	PK338	0004950	17	1004733 954240 1005102 992744 1016434 1008925 701809 945969 862049 917334 786916 901688 988271 899241 966299 972861 1003020 951991 909942 711460 988625 952783 960084 920095 904506 1084909 848150 1002767 1002045 972660 918009 966094 912781 954641 915652 958984 959189 827963 946010 1088180 919283 960037 906896 993506 903917 
002472	PK338	1051497	18	751823 828021 832248 848562 826565 780735 747562 738079 828705 809033 852088 
001566	PK338	0826962	19	908998 889700 988631 1084462 849809 834544 865618 834472 826565 967532 1065945 
005119	PK338	0031560	20	1020370 1041559 976318 32258 
003007	PK338	0222805	21	860204 892333 851310 894845 858850 907155 912081 897101 859186 
004666	PK338	0775640	22	1016434 849245 831800 1067483 915740 
005740	PK338	0031392	23	818674 768049 
003277	PK338	0675005	24	802766 896217 742549 916398 799414 826670 
003003	PK338	0031406	25	900240 1002729 993268 918277 918074 903229 853174 976421 986262 881793 890945 913466 971315 976318 419327 904301 1007799 959092 828705 854724 967988 
003001	PK338	0375562	26	825616 1002729 899241 899419 419327 907155 915543 
008441	PK338	0031462	27	812518 776956 907248 779966 1044791 
007381	PK338	0031611	28	848680 900371 780450 710449 907596 774062 870197 993532 822518 896224 900541 912695 1044561 768049 892206 906362 904706 
001893	PK338	0898918	29	850564 780528 833438 661924 806886 773772 804193 833031 814828 
001890	PK338	0826942	30	768585 834343 
003518	PK338	0915760	31	807993 865667 833941 756275 830276 783959 
004009	PK338	0163316	32	967793 1067334 1078819 1081952 1003476 920400 1018936 1066007 1079444 1068052 1018174 1077294 988625 998351 1064790 906447 1067862 1058180 1041981 1055290 991763 832653 1067724 992186 1065142 1082799 1056963 1056738 861504 1086329 992796 1083626 1085061 1079366 851033 
003454	PK338	0915760	33	1015256 1004997 916427 898872 945034 853174 988657 858924 953178 1007779 1017760 980693 807750 910403 832653 965861 890043 902217 956475 918195 912699 850382 859719 904918 901570 
007877	PK338	0031386	34	1002241 1046439 1058048 1039943 1047318 1032432 1001905 1040045 1040618 
001836	PK338	0898918	35	1004733 954240 1006444 945449 1019827 795445 992744 911936 1066309 828017 1056980 701809 1001613 986094 1013071 908998 780450 907063 917334 1076246 988271 852940 987937 966077 999715 915885 966299 1079771 972861 1049299 1003020 988625 1076776 945809 920095 1064605 1029737 911218 1002047 970193 954830 991668 789284 1066924 1078836 1029787 772927 1010643 966094 912781 904516 958984 959200 970262 912699 1088180 859719 1082907 919283 960037 1084334 993506 903917 861815 911802 1007348 854032 1045379 1006438 
001838	PK338	0168763	36	1040868 1001196 914290 1002405 988620 1018252 906085 1066007 1076437 914299 748765 945635 1067862 1001806 1006899 832653 992189 854345 987276 965861 752318 781424 1001039 771075 831435 848355 867165 1005971 914509 779276 850690 1077380 
002562	PK338	1167856	37	897310 1037291 772005 1044157 897034 849713 1017412 899241 1005199 1067251 1079771 848750 1000355 854138 1000895 990668 986807 1039943 986688 1081917 988544 897931 1020520 851302 1020083 1067748 825024 751495 896287 1000750 806520 999689 1025623 677533 871309 1079366 
007364	PK338	0162977	38	1064385 915006 1006444 900240 876307 1079268 769851 991120 1067377 966414 920251 988245 913946 945264 999712 711336 1053105 903449 985440 1079993 1020695 1041140 963413 1030369 1076854 1018271 1018174 833266 1068371 1004324 966125 1005427 906447 1002047 988544 1041981 1080792 910403 1067502 1021017 671926 1085324 853988 991229 911361 1002036 1073544 1067297 999833 920237 867125 1077413 919158 1015275 1056910 1017339 918519 1076783 888222 1058058 1064270 944831 859409 908461 981989 914076 949279 1019212 1007799 1009104 1003128 1083080 1025533 1076923 989401 1065781 1085061 901570 1079366 1019006 
004355	PK338	0989327	39	1068109 1036027 1005315 1006799 1056281 1064045 825024 818674 1047339 1054176 847790 1084334 900525 1056600 965925 
005845	PK338	0031582	40	1037291 1057779 1044157 1067251 773276 960084 1039868 1030693 988603 1025379 1042335 
005847	PK338	1015598	41	1011104 820055 909942 1057592 780191 1025035 999833 1001887 1056815 789995 908461 1018817 899292 865645 
002367	PK338	0493725	42	1019827 892236 1034578 999712 906085 849713 991672 859066 958897 894845 1025644 993169 1041559 1001394 1019025 999896 954641 903191 1076783 907217 1058058 909560 829096 1080398 1000122 
007887	PK338	0217682	43	987276 998784 886763 
004866	PK338	0031582	44	826099 901481 831800 
007395	PK338	1167859	45	829872 781139 791975 824872 831800 825102 754424 828467 771075 824983 779966 802256 904706 
007393	PK338	0987494	46	825646 829872 825102 896224 779966 772735 
004274	PK338	0017611	47	1020727 852608 1077815 1067726 987600 1066308 1006799 883488 991213 901539 1084185 1039868 915740 1025035 1077963 779081 871255 1056096 887478 746907 1065654 1021751 904918 917732 920248 
005282	PK338	0493856	48	896217 823997 1005633 826670 
005286	PK338	1020104	49	910884 789995 963528 672478 770814 
001151	PK338	0309967	50	1078680 992801 1172030 1081939 1080149 768585 1066309 908998 1037541 1067460 1079993 987937 1006744 966077 1010750 858114 1041140 1065796 1058421 887308 824299 911706 954831 1007842 1025460 1079614 1057520 992616 1064790 1078413 1086916 954830 1082150 952211 959919 991763 965861 948095 911366 906035 1002364 1024213 912439 909216 1025569 889858 806882 967532 958186 1009729 1000750 912699 1039679 1007554 966268 772504 1042335 918064 903917 1020478 1083626 1064780 1009559 914260 
007398	PK338	0851717	51	741435 828394 780450 785955 742886 857016 828467 824983 802256 
004379	PK338	0138190	52	871309 
005206	PK338	1051497	53	802766 865618 672478 918064 
004835	PK338	0032827	54	903449 1003476 771732 953178 945809 888075 807750 910403 854345 966303 970262 909240 993506 
004278	PK338	0017611	55	825478 909091 909662 901539 993566 
001442	PK338	1167855	56	787159 1007196 993532 858527 1005149 
008492	PK338	0031462	57	772305 828065 903222 807993 860532 836904 907248 782929 867165 
006865	PK338	1167883	58	829837 834138 772005 952594 824299 886011 860659 948095 909585 830862 822717 843307 
004374	TH110	0847593	1	848994 755872 
006863	TH110	0826957	2	834138 832455 852358 809192 860659 889858 830862 822717 799414 787582 
006860	TH110	1167884	3	1008387 989432 886011 904506 1005059 991769 957333 958186 754161 
007881	TH110	0217682	4	1004997 911218 1076085 860257 
001194	TH110	0706398	5	911941 819118 992616 810196 920261 871255 915652 914260 915226 
004011	TH110	1084297	6	1082919 988245 1017412 989395 1077417 1078648 852456 853174 1058421 1079614 1023923 1067933 964596 746210 1055441 1030683 1066778 1001806 1056012 1066924 833511 1021017 896224 1029787 1005720 999195 909216 1029210 1076531 1088180 1076299 909240 1170860 911807 779276 1005412 709554 
004013	TH110	0031578	7	781976 967411 1008925 986094 1037338 903449 917334 1067726 915885 1017832 1003020 993532 773014 1002767 947693 982172 1025508 1029566 853988 1017840 1010643 920237 867125 904301 856959 1037745 1025533 1076923 1019006 
008485	TH110	0031553	8	871788 745699 
007375	TH110	0031631	9	787159 887586 848680 828394 900371 858114 813147 870197 906635 849245 742886 556027 903338 896476 901409 900541 912695 1086329 772032 826670 906362 915226 
007374	TH110	0987494	10	967793 848680 865346 828394 900371 852608 710449 989395 1015706 958897 774062 861180 870197 906635 849245 1002047 822518 968216 903338 896476 901409 900541 988100 807767 986367 912695 1086329 911807 892206 
004017	TH110	0031578	11	1000939 833188 858114 803706 1001905 907914 965927 913466 899481 746084 1065183 
002856	TH110	0675005	12	900240 948568 920251 913946 1001613 914290 959304 906085 1004206 903449 988271 991672 945034 907596 1016996 993169 988657 1083812 914299 964596 973811 986807 913880 991769 1002045 970193 986688 980693 954830 968216 980544 1002706 1005548 971073 987613 971315 987276 958492 989520 856128 917883 779081 867125 976318 1002364 966094 919158 998784 1002606 958984 999195 1001887 915622 918519 993517 913989 907217 871681 912699 911802 915648 
004879	TH110	1051497	13	828065 
002855	TH110	0309967	14	1005082 1020150 1067182 1064385 1006444 1078680 1020370 1003644 1079268 1068109 1040868 1084187 1067334 1081939 1078819 1080648 1080149 991120 1037291 1082919 1056688 1036027 1056722 1019827 1083430 1049929 1067377 1011104 1057779 1044157 1066309 1002241 1077161 1038671 1056980 1020727 904680 1085631 1032769 1064148 1040874 1010175 1034578 1037338 1018252 1013071 1037541 1019940 1036225 1017412 1067460 1025522 1078508 1053105 1079993 1076246 1077815 1067726 1055590 1081952 987937 1084017 1006744 920400 1020695 1077417 1005315 1010750 1046439 1023494 1040818 1078648 1018936 1041140 1058223 1017832 1084462 1077482 1018857 1066007 1076437 
004027	TH110	0215359	15	909837 907914 965927 913466 966303 865645 
001248	TH110	0031388	16	771438 813277 857087 818599 828596 780619 769943 768235 915579 833695 419327 809224 812628 770471 831966 827928 829796 788562 809463 818384 
004857	TH110	1063507	17	857382 788849 828068 778307 849713 901481 867801 899292 845664 871309 
008500	TH110	0031619	18	825478 657857 836904 776956 559777 772032 786698 
004361	TH110	1063561	19	1005068 949279 
004739	TH110	1084458	20	834603 
001852	TH110	0409956	21	699614 786916 908164 993929 711460 830807 861391 
006539	TH110	0777265	22	787430 883488 830911 1083627 
007010	TH110	0162976	23	1001196 966414 1004968 945264 907493 954917 1005315 1040818 1018174 1077294 850607 1077257 999896 909585 867125 1030693 1068526 913115 1007882 904003 1007799 1009103 1044561 1065271 1083431 1019006 
006518	TH110	0777265	24	911936 985440 1076989 1005451 883488 1000895 852109 851545 903064 1076923 806873 
004807	TH110	0672202	25	788849 807347 1084017 1077003 783456 972660 1005112 899636 1056217 1029210 
001424	TH110	0024663	26	917702 1064385 1082919 1083430 1049929 1011104 1057779 1044157 896036 1077815 1017832 1028249 998351 1025845 851684 1057592 973811 1025508 901262 1017840 1056281 1010643 779081 912439 1030693 1047339 1039679 1084334 1018817 1083627 865645 
005258	TH110	0056990	27	786916 742063 744449 914509 787509 989401 
003433	TH110	0031477	28	954240 756739 1037291 813277 889384 901868 967411 966414 879882 911598 998323 742734 986094 989395 823997 904719 852358 829872 849022 958897 854138 656863 833266 824299 830700 1007842 788425 1007779 751788 909837 990668 781139 825559 1003100 769943 911218 947693 1035148 867801 965927 903338 827786 1065238 887398 903064 911361 1067297 806886 836898 854235 995269 1005720 1081006 834472 1055640 919776 826363 918195 908461 806520 914076 861816 1009104 825743 1170860 873190 989590 859564 989401 812300 993506 786698 859319 1007348 965925 813159 920248 
004808	TH110	1074848	29	825970 813366 1004206 887467 1023494 849809 1077257 991229 772927 919776 967532 950811 967988 
001856	TH110	0826942	30	852176 909837 848150 773385 803723 
006042	TH110	0207327	31	822753 875055 795445 911598 901946 788849 778307 813366 780450 862049 850613 892333 827209 899419 851310 832718 834443 1000895 802029 781523 860659 827099 744475 987613 910884 901961 858850 831531 954641 892458 826565 959337 896287 899481 887478 1065183 915543 861730 908862 831798 812300 912081 833031 859186 880639 
006044	TH110	0431634	32	875055 834138 802766 892333 817768 952594 832718 1000895 802029 781139 907914 812632 771900 828036 744475 910884 901961 855085 892458 899316 896287 899481 916398 915543 861730 908862 847248 786993 880639 
005863	TH110	0031582	33	851684 888222 
008779	TH110	0576472	34	748627 657857 967042 902118 833941 976421 830886 987243 1007458 794297 859564 787509 772032 
004888	TH110	0031373	35	826099 825990 828065 828068 778307 709543 742063 828021 858092 779365 829397 772218 810885 741632 
002939	TH110	0320102	36	1007394 847254 999733 860663 
002935	TH110	1167899	37	865894 998815 801247 834495 828021 991756 742089 832718 656863 952443 1085324 834603 1046086 825743 
008773	TH110	0431786	38	1004733 1015256 1056688 812824 897034 1078508 945034 904347 920095 913880 986688 1006899 992189 1017444 912781 959337 913989 1007882 960037 1025629 1055078 
005141	TH110	1062910	39	1019940 852358 1066308 1005427 1078413 1086916 1040045 1024315 992186 1003389 1037745 827772 
004885	TH110	0672202	40	950942 784123 907462 1004206 742063 918153 858092 908002 829397 914256 851187 914599 755872 
006848	TH110	0031347	41	992801 1084187 756739 865894 1016434 1002248 1008925 1038671 986094 959304 945969 918074 1024283 993929 986262 952783 960084 1002045 991763 918009 1057535 954641 1013197 988603 1068526 1056738 946010 1055078 1007134 915648 
003525	TH110	1063157	42	742734 953178 756275 904752 825559 867801 827786 780485 902217 1005720 825743 859564 
002182	TH110	0428815	43	829837 852940 742089 802807 809839 814593 773692 833368 851209 806873 
008479	TH110	0031619	44	748627 967042 903222 861648 1003539 858864 860532 862152 803579 
001156	TH110	0493725	45	1018271 1019674 1056217 
007902	TH110	0028745	46	1046439 812518 886011 987276 1076085 794297 829376 
003026	TH110	0222805	47	915467 886158 748713 832171 836379 899241 892333 745780 802127 771732 734613 851297 746210 805926 836898 781191 855085 834472 904301 851024 861730 831798 831031 897101 910421 813159 
005121	TH110	0031560	48	858872 913946 999712 1057520 995269 917883 
007007	TH110	0028980	49	967793 1005068 1172030 1019827 888735 920251 913946 1064148 988620 1008387 920400 903229 903222 1010750 823997 945034 1079614 998799 1067862 982172 1002706 1006899 836898 1056096 919772 746907 1056738 952008 1056203 
007006	TH110	0031568	50	1015256 1004968 886158 661924 963413 1000990 987600 1005427 831435 1007882 906618 1077416 909693 
006846	TH110	0824244	51	993551 918118 858872 828017 701809 1001613 882323 857087 915885 833438 908164 905540 858864 711460 909837 992616 830886 860532 909692 830280 828036 830807 862152 865276 806886 899636 892458 959189 884876 831966 885444 902371 989590 1016462 848492 892206 914260 
007905	TH110	0031539	52	1040874 852109 827772 
006508	TH110	0031478	53	858181 1005346 851209 
004733	TH110	0004955	54	1067182 889700 861648 851684 901262 865645 
004815	TH110	1074848	55	908998 744133 1058180 959200 967532 903600 809463 
007068	TH110	0316015	56	836471 833188 849243 777510 914509 905351 677533 814822 
005248	TH110	1167853	57	852945 858181 918277 783208 823997 656863 890945 865618 752318 999833 
006501	TH110	0031478	58	1004968 1008925 1018252 1067251 1079444 920095 1065196 1084321 1067297 913115 1001351 1065183 1042335 
001185	PK25	0031577	1	825478 862176 966299 873557 748765 789284 915579 869484 
003034	PK25	0222805	2	755048 827099 851024 742461 831798 
006502	PK25	0031621	3	828394 734613 828036 890043 850854 
001845	PK25	0031577	4	918118 858872 865894 882323 887308 905540 907897 909692 830280 1002036 799016 809224 892458 915652 910056 770471 834343 890199 861815 
001847	PK25	0814748	5	918118 882323 892236 820055 873557 908164 905540 909692 830280 814593 830807 861391 903600 861815 848492 
008767	PK25	0428728	6	1080149 1010175 1019940 862049 1018857 1025644 1076274 993790 1038303 1004324 901262 1024315 1056096 827963 861391 1000750 981989 1001351 747562 1082905 917732 1006105 1080398 993566 
003442	PK25	0826941	7	998885 852456 756275 991213 803706 822518 960497 830276 906035 902217 1044791 828705 993566 920248 897911 1058242 
008765	PK25	0431786	8	950942 1084187 825616 992744 1057779 831413 998323 904680 896036 748713 1018252 1013071 1076246 966077 1041140 1084462 1000990 1049299 1025845 1056270 1019674 991769 1003100 1036442 980693 1032929 1080792 1020520 786093 671926 910884 1001039 779081 988100 1002364 1081006 807767 958984 1055640 1015275 1056910 959189 972633 1076009 1017339 1076783 963528 956475 1064270 1057004 944831 1009729 861690 871681 1039679 919283 1044561 909240 911775 1065781 1009559 809463 1068383 
008763	PK25	1083367	9	1049929 1067377 1011104 911936 1038671 1020727 1001613 1085631 1032769 1037541 1053105 1055590 807347 966299 1076437 832248 1030369 1018271 1068371 755048 860298 784558 803706 1002047 1050781 1082150 1067483 984724 904516 1058058 1019212 1001894 1082907 1027597 1003128 1078921 1007134 1020478 1083627 1045379 
006059	PK25	0409737	10	806452 827209 771876 853072 755048 807702 744449 812632 781523 771900 831531 916398 830269 847248 786993 
001749	PK25	1064203	11	1005199 1064605 556027 1050781 1013197 959337 1054176 1170860 
001747	PK25	0416447	12	904752 999826 1056320 
008488	PK25	0031553	13	871788 745699 
006054	PK25	0207327	14	897310 857382 748713 813366 853072 834443 828036 829788 831531 855085 899316 916398 847248 786993 835804 859186 
005159	PK25	1084458	15	948568 782876 807347 823997 802710 1018857 951991 993532 991668 1057004 827772 
001576	PK25	0826962	16	918118 918153 772927 908002 
004304	PK25	0056992	17	746203 
002637	PK25	0828228	18	769020 832171 860497 711336 734613 909693 915226 
002635	PK25	0320102	19	1006444 900240 991120 1023494 911706 952443 1067502 971315 1056815 785336 1021867 988990 1046086 959092 1066679 915589 
005221	PK25	1167853	20	911598 976244 807993 865667 883015 1019212 
005741	PK25	0855349	21	806452 868309 778307 781523 903064 768049 920248 
007915	PK25	0775195	22	812518 780619 744202 745699 794276 829376 
003445	PK25	0031359	23	1015256 1040868 831413 1040874 1020695 988631 991756 887308 887398 1053370 826363 1025379 965925 901570 1040618 
004394	PK25	0316015	24	901703 
004280	PK25	0031577	25	768235 1005548 
004735	PK25	0004955	26	780191 
004282	PK25	1165566	27	825478 909091 909662 901539 806189 803723 
003556	PK25	0599596	28	771438 831413 828017 833941 603589 810196 852994 670870 850382 746084 772504 899440 671451 
007034	PK25	0031573	29	1083812 859231 887130 1017760 984724 913115 867165 873190 755872 
001237	PK25	0827357	30	768235 812628 818384 
001193	PK25	0706398	31	917702 911941 818349 818599 833438 752553 881793 781527 830197 911366 806882 871681 858034 772504 830141 829796 1016462 850690 1077380 
003027	PK25	0375562	32	860204 868309 848789 834495 802710 803706 913466 773573 818674 853970 912081 
007053	PK25	0088906	33	901946 656863 992223 867494 981989 911802 
005724	PK25	0031392	34	825990 967411 1002248 991672 1016996 752553 986262 973811 991668 867801 145931 1065238 987276 989520 913115 950811 1057004 914076 904918 915648 
001196	PK25	1051497	35	819118 
004014	PK25	1084297	36	993551 1081939 889384 959304 998885 945969 1040818 945809 1039831 966125 1005548 744475 1057535 919772 946010 859409 999689 1065271 918064 1000122 
001444	PK25	0031403	37	917702 876307 909091 896036 1007196 780528 913880 145931 999195 834343 1005149 1006105 950504 
001568	PK25	0826962	38	908998 889700 988631 1084462 849809 834544 865618 834472 826565 967532 1065945 
006029	PK25	1167858	39	1020150 945449 1080648 945584 1016434 1002248 1002241 1038671 1002405 959304 898872 958879 1008387 917334 786916 1055590 1007196 780528 769557 1018936 834495 771732 853174 1000355 907151 993169 989432 1025460 986262 988625 952783 964596 904506 1005059 1047318 991769 945959 1002045 999826 970193 957333 913466 852109 972660 1007394 1005112 971315 958492 918009 1001039 948390 976318 1057535 966094 912781 1013197 915622 1034405 959189 806189 913989 958186 946010 1009729 1005971 919283 960037 952008 1065183 853970 773692 1007134 754161 918064 848492 967988 910421 
003441	PK25	0897706	40	915006 825616 901868 879882 828021 817768 1030369 887308 1003539 751788 1039943 957333 1041981 965927 852994 854235 855085 902541 987861 1021751 746084 810885 1003389 833368 897911 814828 
008496	PK25	0031619	41	847932 657857 852456 830197 848562 907248 859719 809033 
001755	PK25	0271874	42	1058180 918195 
006023	PK25	0301909	43	1005082 826099 1003644 771438 1068109 948568 1084187 1081939 1078819 1080149 781976 1036027 1056722 1083430 787430 699614 1004997 1056980 1032769 1064148 998885 1037338 1013071 1019940 1036225 711336 1067460 1053105 993268 770198 1081952 1084017 1006744 988631 1023494 1078648 976244 1017832 1018857 1024283 1079444 987600 1058421 1068052 1076274 993790 1083594 1028249 1003539 1038303 1077294 1058048 1025845 904347 1056270 1067933 1057592 1079384 1055441 1030683 1049050 991213 1066778 1003100 1032432 1001806 1066335 1018301 1081917 1032929 789284 852192 1084185 1066924 827786 1040045 1055290 
001560	PK25	0031332	44	772305 802127 744202 810794 871788 
001561	PK25	0031332	45	744202 810794 
006026	PK25	0213446	46	1005082 747147 967411 1000939 828604 775490 1005315 873557 1066007 1076437 988657 1057520 998799 1064790 1084909 913880 986688 1050781 802807 910403 1006899 814593 853988 966303 1067724 958492 911366 920237 1005720 1081006 1015275 919776 1029210 963528 956475 1007882 914076 999689 847790 1037745 827772 1085061 965925 1040618 
006024	PK25	0031454	47	1067334 1049929 1077161 904680 1037541 907063 1078508 836471 1077417 1046439 1040818 1058223 1077482 972861 1076989 993929 998351 1029737 1086916 1036442 1077257 1056012 1020520 1029787 1053370 906963 992577 988603 1017339 1004225 1066915 1025379 1025623 1025629 1083080 1025533 1068383 1005412 1006438 
001752	PK25	0416447	48	744133 904752 781424 831531 
006555	PK25	0127086	49	899316 
001213	PK25	0031471	50	771438 813277 818599 769943 830197 854235 915579 833695 809224 869484 812628 770471 858034 831966 827928 788562 809463 818384 
006585	PK25	1075274	51	830276 
006038	PK25	0031621	52	1002729 958879 865750 999715 907151 858924 945959 907914 987613 829788 901961 906035 992577 1005971 830862 896929 915648 
008470	PK25	0697660	53	967042 903222 972633 
004036	PK25	0030564	54	972660 867494 988355 910056 888222 818674 899440 
005129	PK25	0431786	55	1018301 917883 
007076	PK25	0031568	56	634284 769851 860204 999712 907665 859231 887130 909693 850690 
005123	PK25	0031560	57	834138 781147 783959 828705 
002951	PK25	0088906	58	769020 801247 855155 854032 634162 
004046	DAL204	0854975	1	795445 849243 830700 829788 833695 910056 830141 865645 
003562	DAL204	0024092	2	879882 998323 770198 896979 788425 903064 827460 746084 810885 772504 
004838	DAL204	1051497	3	950942 849713 1003476 889700 901481 917040 1065945 903600 
004051	DAL204	0031486	4	904540 860298 707575 772735 830911 
004297	DAL204	0994827	5	832455 909662 904540 882728 889858 822717 799414 
004830	DAL204	0348369	6	782876 901481 960084 899135 810885 914599 899292 871309 
006500	DAL204	0777265	7	1067182 1056688 1004968 985094 1032769 858181 1025522 985440 920400 1038303 998799 1030683 1032432 1032929 852109 1005346 1021017 1024315 1067724 1025035 1002036 1077413 851024 853970 1064780 
005227	DAL204	0088906	8	782876 680495 890945 999195 
002394	DAL204	0020988	9	919825 812298 887467 918153 744449 829360 907217 845664 
002412	DAL204	1051497	10	825616 919825 945584 852945 1034578 860497 991672 859066 851310 894845 993169 809192 907150 829360 826565 904301 869484 903191 909560 949279 858034 829096 1016462 
001573	DAL204	0826962	11	897310 781472 907462 756732 709543 991756 834544 906738 908002 772735 950811 987861 907172 
001763	DAL204	0027799	12	771438 832928 952594 870197 953178 1017760 988544 860257 
001764	DAL204	1165592	13	889384 879882 1084462 991763 785336 981989 952008 1003389 993566 851403 
001765	DAL204	0271874	14	1007779 904752 959919 
001766	DAL204	1165592	15	787159 901868 905954 916427 1085631 746537 788425 1003100 1015275 806189 850382 741632 
001767	DAL204	0995161	16	742734 854138 896979 980544 1019025 671926 852994 768507 
001162	DAL204	1063511	17	634284 993551 1078819 711336 1076246 680495 976244 785917 1001905 827786 836898 1076922 831798 1016793 
002149	DAL204	0470544	18	1079268 909662 1055441 1066335 1076009 988990 1078921 992796 
004288	DAL204	0031577	19	909091 901688 901539 966268 
007008	DAL204	0316015	20	1005068 907493 918074 783208 903229 1078648 848750 1000355 896979 883488 1019674 917040 1067483 1073544 751495 909216 896287 1056815 1065654 905351 960068 880639 
002949	DAL204	1051497	21	846811 888222 
002945	DAL204	0088906	22	860497 847254 860663 959092 909693 
003407	DAL204	1081648	23	1056722 1006744 1076776 1005059 1066335 1081917 1035148 1065196 1067748 1078921 1079366 
006036	DAL204	0031526	24	945449 857382 748713 813366 899419 817768 851310 907151 834443 802029 1035148 1007394 1005112 948095 915622 1007134 910421 896929 
002408	DAL204	0138190	25	945584 954917 949279 
008784	DAL204	0031572	26	787159 1001196 916427 907493 993268 902118 1000895 945635 999896 918009 1007458 906618 859409 904003 952008 906896 
001547	DAL204	0031756	27	802127 744202 871788 913989 908862 835804 
004065	DAL204	0854975	28	852409 805926 809839 790880 867494 831703 827928 634162 
004359	DAL204	0138190	29	948568 1040868 1080648 966414 1066309 784123 1036225 1025522 1077482 1079771 972861 1066308 986807 1086916 789284 858092 1025569 970262 826363 1066915 1005149 1077416 950504 
008821	DAL204	0031572	30	772305 886158 857087 769557 739031 836904 781191 787509 915589 904706 
002173	DAL204	1083806	31	742089 784558 802807 809839 806873 850854 798802 
002660	DAL204	0031572	32	810794 
001897	DAL204	0056992	33	768585 828596 809224 831966 803723 
001468	DAL204	0432212	34	850564 825024 
001467	DAL204	0031582	35	876307 858527 869484 
008420	DAL204	0031553	36	991120 1077815 987937 1003539 855859 858864 1017760 1077003 971073 862152 915740 958492 972633 913989 909560 1001894 847790 803579 
001465	DAL204	0024218	37	871681 
005727	DAL204	0984701	38	1077003 920261 419327 741632 
002668	DAL204	0031392	39	825935 
002669	DAL204	0897706	40	773014 
002564	DAL204	1167856	41	822753 958879 999715 858924 945959 859319 
002464	DAL204	1051497	42	919825 744133 887467 918153 802029 897931 829360 858034 738079 852088 859186 
002872	DAL204	1084458	43	917702 901688 1010750 973811 780191 952211 885444 
002709	DAL204	0024092	44	889384 
008796	DAL204	0031392	45	781191 1005971 993506 786698 
008439	DAL204	0132890	46	911936 897034 906085 998815 985440 907596 909942 860298 1005451 907897 945635 791975 988544 971073 909560 850382 859719 1009104 1016793 989590 989401 786698 1056600 
001179	DAL204	0827357	47	992189 988355 944831 831966 906896 
001178	DAL204	0827357	48	911706 748765 1002045 901703 
002469	DAL204	0697660	49	914290 852945 914299 32765 
001862	DAL204	0031557	50	862176 865894 892236 857087 820055 825646 780528 873557 830700 790880 806886 834343 804193 1016462 903600 814828 
005734	DAL204	0855349	51	966125 825559 952211 790880 754424 770471 908461 851403 851033 798802 
007043	DAL204	1167889	52	787430 920251 905954 913946 903436 918074 833188 680495 1020695 903229 907665 904719 785917 773276 855859 859231 964596 1084909 986688 850607 982172 965927 887398 851302 846811 984724 919776 751242 956475 861816 905351 850690 
006525	DAL204	0031573	53	945264 904719 993929 
001864	DAL204	0031557	54	833438 907897 861391 747562 861815 
007124	DAL204	1075274	55	818349 985094 852945 833188 739031 671926 914509 814822 
007125	DAL204	0162976	56	748627 832171 836379 739031 830791 851297 850607 781527 769686 833511 751242 830141 830269 738079 912081 831031 709554 
007127	DAL204	0031573	57	634284 787430 748627 818349 836471 739031 849243 785917 848750 830791 830886 851297 781527 769686 833511 671926 851302 846811 831435 751242 830911 830141 677533 814822 
