Students	655
1	48 30 45 2
2	24 48 33 9
3	39 1 51 40
4	13 44 24 36
5	48 42 37 46
6	28 49 52 16
7	17 12 14 50
8	46 14 51 26
9	42 38 48 1
10	20 39 44 37
11	18 39 1 12
12	9 45 42 36
13	49 50 27 14
14	21 11 52 20
15	52 51 34 26
16	32 40 5 35
17	39 29 13 34
18	15 51 29 18
19	12 19 4 44
20	32 9 40 50
21	44 39 32 50
22	44 49 25 17
23	21 48 46 40
24	47 44 27 35
25	33 43 9 27
26	18 30 23 17
27	36 11 40 33
28	30 37 6 46
29	23 11 3 14
30	43 9 47 30
31	6 24 44 42
32	22 43 52 12
33	21 37 44 49
34	33 4 30 49
35	8 40 44 42
36	40 23 33 30
37	42 12 8 10
38	7 20 13 43
39	31 24 41 3
40	13 39 50 52
41	22 33 16 50
42	42 31 17 52
43	45 47 51 19
44	2 6 32 15
45	48 35 6 25
46	9 10 23 2
47	45 48 26 42
48	47 36 3 12
49	15 23 22 47
50	26 38 28 12
51	29 22 42 23
52	19 11 52 7
53	1 10 40 47
54	14 15 40 39
55	28 22 48 8
56	26 36 1 34
57	7 41 48 27
58	18 1 8 20
59	9 39 40 17
60	47 34 39 19
61	5 13 14 6
62	36 34 9 38
63	8 7 3 2
64	43 52 25 30
65	7 48 36 8
66	12 22 4 29
67	27 43 48 5
68	19 2 11 37
69	50 40 19 39
70	25 32 38 15
71	12 27 51 1
72	10 16 5 36
73	33 40 23 26
74	29 17 31 2
75	49 6 13 42
76	4 49 30 14
77	11 42 36 51
78	4 16 41 47
79	28 35 3 36
80	33 4 39 52
81	39 13 37 35
82	3 7 38 45
83	20 16 6 13
84	13 38 1 46
85	3 43 25 38
86	8 4 20 41
87	18 8 16 32
88	9 12 17 27
89	40 48 11 7
90	10 2 49 13
91	12 17 35 28
92	4 20 9 10
93	44 11 30 40
94	21 39 35 5
95	38 23 8 30
96	31 43 32 14
97	42 24 6 37
98	52 6 17 14
99	41 15 17 9
100	35 19 41 48
101	39 19 15 42
102	25 40 46 17
103	10 48 8 15
104	24 23 14 5
105	10 20 5 33
106	46 52 48 44
107	8 50 40 47
108	30 41 39 29
109	49 16 15 42
110	21 25 45 26
111	30 49 45 32
112	3 6 14 1
113	34 1 49 28
114	14 18 7 33
115	45 27 24 46
116	39 36 8 30
117	46 49 10 16
118	3 27 19 34
119	25 35 5 48
120	10 18 44 28
121	8 4 43 15
122	7 40 28 24
123	49 36 23 3
124	13 36 35 16
125	7 35 26 30
126	24 23 25 14
127	42 5 10 9
128	41 44 9 17
129	30 23 33 49
130	32 30 21 29
131	3 42 8 21
132	3 43 39 27
133	9 7 11 45
134	1 28 27 41
135	8 52 44 15
136	23 36 17 31
137	6 41 49 31
138	12 48 46 9
139	42 45 28 24
140	6 16 49 21
141	12 1 4 13
142	1 8 28 48
143	2 21 31 22
144	46 45 48 43
145	40 41 16 36
146	31 49 18 37
147	17 9 46 7
148	48 18 31 9
149	15 21 31 12
150	51 13 35 32
151	36 12 46 39
152	13 20 46 24
153	10 21 28 43
154	21 1 45 28
155	7 9 32 50
156	26 52 35 12
157	7 29 32 51
158	4 40 39 31
159	8 35 16 43
160	34 5 36 33
161	24 45 38 37
162	21 36 42 45
163	27 1 39 10
164	15 2 17 44
165	6 36 11 8
166	34 24 7 12
167	24 1 4 27
168	2 40 43 31
169	42 2 37 51
170	2 4 11 20
171	25 37 24 44
172	15 18 7 20
173	5 37 15 4
174	46 48 25 44
175	13 28 42 12
176	47 48 7 38
177	30 52 22 23
178	39 44 8 4
179	14 28 36 47
180	22 14 48 36
181	4 15 5 36
182	35 19 38 49
183	37 36 10 39
184	20 30 45 52
185	26 4 7 32
186	10 40 42 17
187	19 39 48 44
188	39 11 28 15
189	32 25 20 22
190	4 1 20 31
191	2 22 33 7
192	5 35 16 26
193	37 27 14 8
194	28 11 49 7
195	35 32 47 39
196	21 35 47 32
197	19 25 21 2
198	44 33 6 21
199	18 6 10 21
200	51 33 26 42
201	29 9 15 28
202	1 35 15 19
203	20 40 11 19
204	22 9 43 37
205	18 17 13 7
206	35 37 48 8
207	37 23 5 43
208	45 52 29 42
209	5 12 4 16
210	4 11 9 30
211	27 42 52 51
212	41 10 12 27
213	12 3 7 5
214	36 38 32 37
215	24 30 17 50
216	26 47 20 23
217	21 36 27 42
218	50 18 20 40
219	39 14 4 33
220	2 14 20 8
221	45 40 50 25
222	50 8 21 1
223	27 50 7 43
224	33 35 10 30
225	41 14 48 32
226	24 34 10 12
227	29 9 22 31
228	34 45 18 29
229	33 3 28 46
230	17 38 13 24
231	33 32 8 44
232	4 20 35 39
233	43 6 14 15
234	44 3 33 25
235	29 50 38 7
236	21 48 30 10
237	20 39 41 25
238	4 31 17 9
239	22 43 36 8
240	29 11 26 24
241	4 19 36 35
242	18 51 13 52
243	19 52 26 1
244	37 18 16 40
245	50 6 7 42
246	12 2 47 11
247	47 38 11 51
248	7 48 51 34
249	42 43 12 48
250	25 3 39 22
251	38 27 34 3
252	35 45 26 29
253	49 36 5 23
254	50 11 3 51
255	8 28 2 7
256	7 40 49 37
257	22 6 13 8
258	36 27 51 41
259	17 21 49 46
260	13 37 29 34
261	38 37 20 2
262	36 2 16 44
263	5 8 33 50
264	22 44 41 35
265	8 21 49 16
266	31 35 52 2
267	18 33 32 5
268	31 45 18 30
269	19 27 15 36
270	18 9 51 29
271	13 42 16 3
272	26 47 15 51
273	46 33 44 39
274	50 25 42 52
275	26 4 6 28
276	28 50 12 1
277	5 37 38 32
278	19 22 16 11
279	30 9 37 15
280	20 39 32 51
281	12 40 52 1
282	20 12 30 52
283	11 17 10 48
284	17 22 6 8
285	47 33 17 21
286	48 24 42 50
287	33 50 29 37
288	23 39 50 6
289	24 3 51 40
290	51 13 12 49
291	21 34 12 5
292	18 46 26 15
293	19 8 16 42
294	14 16 39 43
295	7 25 32 52
296	4 35 10 32
297	36 5 26 23
298	13 36 8 16
299	3 28 36 48
300	51 42 12 1
301	36 30 16 50
302	44 45 1 32
303	23 33 4 49
304	18 14 42 7
305	12 24 37 14
306	1 21 48 24
307	26 41 1 23
308	52 16 14 37
309	33 11 12 1
310	12 6 42 49
311	24 31 35 28
312	44 4 16 52
313	41 39 19 33
314	31 8 6 44
315	42 18 22 4
316	16 22 49 24
317	49 43 35 41
318	24 51 52 5
319	44 21 19 7
320	50 15 4 18
321	52 51 31 40
322	46 30 10 31
323	3 17 27 32
324	15 34 51 16
325	37 39 19 20
326	37 52 25 29
327	37 13 4 39
328	28 32 12 8
329	40 37 50 21
330	26 2 43 46
331	11 27 3 51
332	28 18 10 6
333	49 5 50 13
334	21 33 42 38
335	4 7 32 26
336	26 2 48 35
337	39 21 48 29
338	35 22 8 24
339	24 4 9 13
340	43 23 42 45
341	3 10 11 22
342	37 5 36 39
343	30 12 29 11
344	6 35 36 32
345	46 41 52 50
346	26 15 4 10
347	21 49 32 7
348	23 27 47 40
349	39 10 5 30
350	21 5 29 31
351	15 4 42 48
352	36 47 16 5
353	25 8 36 26
354	29 18 32 52
355	30 5 11 31
356	49 15 11 32
357	12 3 49 31
358	11 40 42 6
359	6 46 18 26
360	48 10 2 41
361	15 17 14 37
362	28 26 31 44
363	25 46 32 3
364	17 33 1 35
365	5 27 45 36
366	11 52 6 37
367	31 50 33 20
368	10 18 47 29
369	48 52 13 20
370	15 24 48 16
371	10 52 48 49
372	15 41 6 48
373	21 3 38 23
374	37 27 35 9
375	14 26 43 29
376	3 49 41 20
377	9 14 24 52
378	9 43 46 23
379	17 43 28 22
380	17 20 2 47
381	14 10 39 25
382	41 36 22 32
383	46 44 22 12
384	46 6 35 47
385	25 13 44 21
386	46 18 21 25
387	40 51 34 11
388	43 36 14 30
389	38 41 4 39
390	39 27 9 29
391	43 4 14 27
392	32 1 31 46
393	46 27 38 44
394	52 35 1 34
395	40 37 7 10
396	32 28 21 40
397	20 9 8 2
398	13 18 17 50
399	33 7 45 24
400	1 49 41 5
401	35 47 50 52
402	21 11 44 45
403	25 37 24 43
404	23 25 41 19
405	34 3 24 39
406	45 48 37 7
407	42 46 28 44
408	43 5 20 16
409	34 36 11 45
410	38 22 6 24
411	14 31 33 2
412	27 40 49 19
413	16 23 11 44
414	20 27 9 6
415	8 45 33 9
416	28 29 14 3
417	9 2 51 40
418	52 5 37 39
419	51 21 34 5
420	18 29 35 21
421	14 51 5 45
422	43 9 44 26
423	40 10 7 35
424	16 33 3 34
425	30 36 24 15
426	22 6 52 51
427	9 25 34 16
428	5 38 43 7
429	18 47 9 40
430	6 23 48 8
431	32 7 45 19
432	29 52 42 37
433	5 40 27 36
434	38 21 8 24
435	26 52 2 11
436	44 27 14 39
437	37 30 28 36
438	5 14 36 24
439	16 49 3 12
440	20 14 34 4
441	50 37 42 34
442	51 36 31 44
443	1 12 36 20
444	33 28 34 6
445	51 21 25 5
446	52 25 22 21
447	42 51 40 30
448	44 6 42 11
449	18 22 12 29
450	47 23 39 9
451	20 4 49 34
452	23 28 27 7
453	16 25 46 11
454	31 14 11 7
455	48 37 26 13
456	11 6 34 37
457	51 47 29 32
458	3 28 51 10
459	23 27 20 28
460	45 19 28 37
461	23 2 33 30
462	52 13 17 28
463	39 43 34 41
464	36 40 42 35
465	38 18 35 37
466	19 10 18 25
467	14 41 34 1
468	45 22 21 5
469	34 21 31 45
470	43 39 11 48
471	18 28 12 35
472	28 22 13 5
473	2 7 48 47
474	14 34 51 38
475	39 21 6 15
476	49 2 16 46
477	47 17 1 52
478	49 31 25 7
479	50 41 2 15
480	52 40 31 37
481	38 18 37 16
482	40 14 45 33
483	23 26 11 16
484	36 26 20 21
485	11 41 52 39
486	7 29 36 52
487	52 19 32 37
488	15 38 52 49
489	33 27 48 15
490	39 32 10 27
491	51 47 20 48
492	45 17 8 36
493	49 41 34 30
494	13 40 12 1
495	44 1 25 35
496	41 24 18 49
497	8 38 30 43
498	16 6 26 44
499	30 46 10 24
500	36 1 15 43
501	10 44 45 47
502	41 48 2 20
503	10 18 49 27
504	33 30 43 45
505	6 13 32 18
506	20 9 48 45
507	12 10 2 13
508	21 3 23 2
509	24 34 22 33
510	49 47 16 31
511	48 5 11 29
512	25 33 51 36
513	13 50 27 16
514	1 51 41 15
515	10 39 28 2
516	47 19 46 40
517	36 49 5 21
518	30 41 27 47
519	49 50 6 14
520	3 29 24 6
521	49 13 18 11
522	28 9 11 46
523	32 42 24 22
524	20 38 25 2
525	45 5 36 22
526	8 34 16 52
527	1 23 42 30
528	36 5 11 39
529	9 43 41 44
530	29 19 3 46
531	27 20 52 21
532	21 47 5 41
533	22 17 45 20
534	11 45 25 10
535	8 44 10 19
536	26 28 16 33
537	48 20 3 26
538	51 45 48 18
539	52 9 14 3
540	29 34 10 31
541	18 24 36 28
542	37 38 7 49
543	29 47 42 49
544	39 18 3 21
545	27 30 25 11
546	31 15 33 41
547	13 1 2 27
548	16 22 45 51
549	50 20 52 41
550	19 45 50 52
551	40 25 20 52
552	29 36 31 24
553	7 15 28 5
554	2 20 34 32
555	19 5 33 47
556	48 3 42 2
557	52 50 41 21
558	14 4 15 10
559	2 15 35 19
560	50 34 43 26
561	36 13 22 12
562	29 30 36 11
563	2 32 44 11
564	10 52 49 13
565	36 38 1 15
566	17 52 39 47
567	38 42 5 40
568	13 50 42 21
569	17 13 20 15
570	39 14 16 25
571	45 51 27 28
572	34 4 17 37
573	41 4 49 50
574	12 10 41 19
575	28 5 20 13
576	46 30 47 36
577	35 3 7 4
578	17 39 14 6
579	44 52 45 38
580	27 38 44 43
581	4 35 51 21
582	5 44 13 38
583	39 23 26 51
584	49 12 38 33
585	25 5 41 43
586	9 52 47 2
587	39 18 27 43
588	16 2 9 8
589	46 24 47 50
590	49 1 34 21
591	4 47 50 41
592	41 10 37 45
593	46 4 24 36
594	52 16 45 36
595	17 21 42 41
596	5 42 43 11
597	40 18 51 49
598	34 11 13 2
599	46 14 48 52
600	23 38 4 25
601	17 41 26 18
602	30 51 7 47
603	14 29 1 48
604	5 13 33 36
605	17 18 37 10
606	48 4 42 18
607	49 15 20 1
608	34 40 9 5
609	34 9 5 3
610	51 7 28 8
611	19 7 51 14
612	30 10 34 48
613	37 6 20 21
614	49 42 48 37
615	30 39 51 29
616	5 36 42 49
617	16 7 17 21
618	47 32 6 31
619	35 25 3 47
620	38 7 19 43
621	15 39 12 8
622	8 15 31 34
623	39 36 40 4
624	4 28 1 46
625	38 51 36 18
626	3 33 9 37
627	10 31 4 17
628	4 31 6 43
629	47 17 24 48
630	39 7 3 25
631	19 20 21 49
632	35 30 44 1
633	51 41 11 1
634	13 36 33 44
635	15 6 12 31
636	39 51 37 5
637	30 12 15 16
638	35 2 29 43
639	52 48 36 12
640	4 45 23 27
641	27 44 13 15
642	7 35 51 24
643	47 21 41 33
644	45 41 52 2
645	9 2 4 31
646	18 16 47 52
647	35 25 39 46
648	30 5 23 44
649	36 1 52 3
650	5 45 48 7
651	4 9 26 30
652	29 35 6 25
653	35 9 7 43
654	42 30 15 50
655	20 16 18 26
