Students	347
1	13 9 25 30
2	23 25 20 4
3	15 24 26 29
4	32 16 11 6
5	19 9 12 30
6	16 28 24 17
7	26 15 30 8
8	8 4 11 2
9	23 11 4 7
10	11 16 31 30
11	15 3 6 30
12	20 23 25 14
13	12 19 26 27
14	3 2 14 9
15	3 11 32 4
16	2 6 14 9
17	15 17 26 22
18	2 30 11 27
19	24 1 8 22
20	4 13 27 16
21	8 4 17 29
22	8 17 10 4
23	3 21 17 13
24	16 11 23 31
25	4 22 23 11
26	4 24 15 31
27	25 7 20 27
28	30 26 21 18
29	3 25 22 28
30	28 20 10 5
31	12 6 20 1
32	7 6 2 31
33	7 10 22 13
34	21 26 22 16
35	7 27 31 16
36	14 19 6 13
37	27 19 4 21
38	13 4 14 22
39	19 26 11 6
40	8 29 6 32
41	32 26 21 23
42	26 14 13 27
43	21 14 7 2
44	26 12 11 31
45	11 32 7 10
46	30 7 14 17
47	21 1 4 25
48	14 17 20 12
49	3 13 21 4
50	4 16 13 26
51	21 3 30 10
52	19 1 29 4
53	25 4 15 32
54	4 3 29 11
55	16 27 24 18
56	2 1 14 7
57	24 21 16 7
58	11 31 2 26
59	5 24 7 25
60	6 32 23 17
61	14 23 7 16
62	15 16 31 10
63	24 20 15 14
64	32 22 21 30
65	22 14 12 10
66	20 8 30 15
67	19 22 24 10
68	19 2 6 31
69	21 30 31 25
70	25 21 27 1
71	3 31 1 26
72	21 13 24 16
73	28 30 8 12
74	10 13 19 9
75	3 15 20 14
76	9 19 22 21
77	29 30 6 18
78	3 2 31 16
79	18 16 10 20
80	29 28 19 32
81	14 23 26 4
82	5 8 23 20
83	14 20 19 8
84	23 24 3 1
85	2 24 5 4
86	27 5 1 30
87	28 22 25 10
88	19 6 26 1
89	12 11 15 31
90	28 7 6 4
91	18 11 15 3
92	24 5 3 6
93	1 5 29 28
94	5 27 24 31
95	22 9 23 11
96	5 27 8 3
97	30 13 10 19
98	26 11 4 15
99	11 23 12 31
100	23 15 30 3
101	1 12 14 30
102	10 8 2 21
103	7 29 13 21
104	17 28 22 32
105	7 29 5 18
106	29 12 28 25
107	30 28 9 25
108	19 1 13 2
109	12 16 30 18
110	12 21 9 18
111	6 18 8 3
112	26 9 13 17
113	9 23 24 17
114	19 7 21 26
115	31 10 22 17
116	9 22 7 15
117	18 9 24 29
118	28 13 22 17
119	2 15 9 12
120	19 3 16 5
121	30 29 31 5
122	6 30 9 15
123	32 13 4 16
124	9 6 3 23
125	11 3 28 2
126	32 14 11 12
127	25 23 15 6
128	7 27 13 10
129	29 25 27 23
130	3 15 24 19
131	28 3 17 29
132	24 12 21 7
133	12 8 2 17
134	4 11 19 30
135	24 26 27 19
136	20 15 4 17
137	27 10 25 18
138	29 4 18 13
139	12 27 20 31
140	25 7 10 30
141	24 7 26 5
142	31 15 28 9
143	13 24 11 4
144	13 4 30 11
145	20 6 8 27
146	4 2 6 28
147	13 19 23 12
148	10 2 22 16
149	23 9 11 27
150	8 24 14 7
151	27 21 25 2
152	31 19 2 25
153	29 17 11 12
154	25 31 6 26
155	2 28 4 10
156	22 27 23 29
157	27 28 4 29
158	32 23 16 20
159	4 29 14 23
160	20 7 8 24
161	1 19 12 2
162	15 19 8 12
163	5 19 21 28
164	7 23 21 26
165	22 29 9 7
166	6 22 24 29
167	13 30 2 23
168	7 27 30 11
169	6 31 30 2
170	30 1 12 9
171	16 22 32 13
172	17 25 7 15
173	15 27 1 5
174	16 27 9 12
175	3 11 4 21
176	13 29 17 21
177	26 2 24 22
178	22 26 27 11
179	28 19 9 4
180	9 1 28 3
181	30 27 9 7
182	20 13 30 5
183	11 5 23 15
184	26 20 19 32
185	28 25 23 24
186	16 13 19 1
187	28 12 7 8
188	4 18 26 21
189	1 23 29 3
190	2 26 28 7
191	8 29 19 27
192	5 9 7 20
193	6 13 3 22
194	30 15 7 17
195	20 1 11 2
196	8 20 5 30
197	27 18 10 16
198	3 27 22 11
199	5 2 4 12
200	31 1 11 23
201	26 12 20 29
202	26 1 11 30
203	7 15 3 23
204	19 32 18 31
205	14 22 23 11
206	3 14 18 28
207	6 5 2 27
208	17 2 3 32
209	26 11 10 18
210	20 3 13 6
211	8 32 22 30
212	10 9 15 23
213	28 23 21 9
214	9 7 19 5
215	25 11 16 23
216	28 2 4 16
217	31 3 21 24
218	32 27 1 11
219	3 19 4 6
220	21 18 16 13
221	20 32 18 7
222	9 8 27 2
223	32 16 18 23
224	9 26 29 28
225	5 30 14 15
226	14 25 16 18
227	9 21 11 27
228	7 5 2 18
229	14 7 31 9
230	8 9 12 11
231	29 20 4 10
232	23 14 17 8
233	32 30 8 18
234	15 25 19 8
235	31 19 21 14
236	27 14 7 2
237	18 15 7 14
238	3 25 15 9
239	26 24 21 17
240	21 12 18 15
241	18 15 12 19
242	9 26 2 10
243	23 29 27 4
244	10 26 4 14
245	24 14 20 5
246	27 20 32 29
247	3 25 6 20
248	21 23 19 16
249	25 20 29 8
250	13 1 27 31
251	30 26 27 12
252	27 28 16 2
253	23 27 16 12
254	23 25 13 16
255	23 28 12 30
256	13 17 20 10
257	18 30 29 20
258	14 21 4 30
259	3 26 9 27
260	18 6 17 5
261	28 13 23 17
262	28 19 7 32
263	20 8 19 30
264	11 14 15 18
265	18 9 31 23
266	12 4 31 17
267	3 11 21 9
268	7 1 32 17
269	25 20 15 5
270	2 10 18 4
271	3 29 7 23
272	11 12 5 3
273	6 21 20 5
274	17 2 28 26
275	21 31 18 4
276	22 32 15 4
277	9 2 12 26
278	5 21 22 32
279	20 24 17 31
280	28 9 15 22
281	10 12 25 3
282	3 28 13 23
283	24 15 29 31
284	22 26 7 20
285	1 24 12 27
286	30 23 18 19
287	17 32 1 12
288	26 29 14 19
289	17 32 27 26
290	23 13 12 24
291	23 29 25 18
292	13 30 19 20
293	5 21 24 30
294	30 27 7 5
295	32 14 5 13
296	7 22 24 1
297	21 1 23 31
298	6 13 23 28
299	3 18 24 8
300	7 8 2 16
301	7 2 13 10
302	15 32 26 9
303	8 10 18 15
304	10 19 3 9
305	20 16 29 21
306	8 4 11 27
307	30 28 15 4
308	3 29 24 5
309	23 26 21 22
310	16 30 21 4
311	22 2 7 14
312	23 16 20 27
313	16 8 5 21
314	13 2 29 24
315	11 20 4 16
316	22 25 8 9
317	7 25 9 14
318	6 13 12 4
319	18 14 27 13
320	16 3 4 23
321	1 8 29 31
322	5 18 9 3
323	23 13 2 30
324	9 14 16 32
325	17 26 8 9
326	7 25 2 26
327	18 32 11 16
328	23 18 2 14
329	31 27 26 16
330	20 3 19 23
331	20 16 9 26
332	19 27 5 15
333	8 18 2 16
334	22 12 20 29
335	11 28 31 8
336	25 13 32 15
337	7 2 1 6
338	8 19 20 11
339	9 23 13 24
340	9 14 30 32
341	27 26 30 5
342	1 27 5 6
343	15 5 25 4
344	25 9 13 7
345	17 21 5 8
346	13 1 18 2
347	8 18 31 4
