Students	905
1	33 39 1 37
2	13 7 12 6
3	31 18 15 8
4	43 17 18 29
5	24 42 23 14
6	26 21 32 44
7	19 22 33 16
8	8 20 12 16
9	16 45 25 26
10	45 14 8 3
11	25 7 37 35
12	37 28 29 6
13	37 44 27 20
14	44 12 15 33
15	30 7 21 26
16	6 36 22 7
17	4 34 15 25
18	2 22 30 6
19	26 43 32 12
20	28 45 5 4
21	33 17 38 15
22	13 7 18 38
23	16 12 15 17
24	8 2 21 3
25	40 14 33 39
26	35 19 7 3
27	23 41 31 45
28	5 30 35 38
29	16 28 2 37
30	29 2 27 23
31	14 37 11 38
32	5 6 28 43
33	30 41 8 9
34	39 11 31 8
35	9 38 37 6
36	41 44 31 37
37	42 35 41 15
38	1 4 37 10
39	29 38 43 45
40	33 14 36 7
41	13 25 32 22
42	30 41 39 24
43	7 14 15 21
44	42 6 18 10
45	8 24 27 18
46	23 2 32 39
47	1 44 18 16
48	34 39 42 1
49	43 41 23 20
50	22 43 40 20
51	4 26 29 28
52	3 20 39 40
53	34 10 5 15
54	18 17 16 19
55	46 21 11 35
56	23 31 24 34
57	35 24 41 36
58	31 10 15 38
59	6 20 2 33
60	22 30 35 29
61	12 45 5 7
62	41 23 36 35
63	3 6 35 39
64	38 18 39 33
65	37 5 4 40
66	20 24 34 39
67	23 10 29 30
68	17 31 5 1
69	35 23 31 4
70	30 9 5 6
71	35 31 16 45
72	24 40 5 41
73	12 42 8 35
74	12 21 4 13
75	19 18 46 32
76	22 37 46 23
77	10 8 34 33
78	5 38 2 29
79	15 41 17 26
80	32 10 28 12
81	28 8 27 45
82	31 1 38 44
83	41 25 42 32
84	36 41 19 3
85	39 10 22 16
86	14 33 2 13
87	30 25 32 41
88	16 13 46 44
89	26 46 45 3
90	10 15 17 19
91	36 10 9 42
92	41 12 5 37
93	14 5 12 23
94	11 24 28 39
95	28 20 44 18
96	14 30 29 6
97	25 7 8 43
98	44 6 13 16
99	45 7 10 13
100	30 6 17 8
101	22 25 16 24
102	8 33 4 32
103	30 3 37 25
104	14 34 20 4
105	35 43 34 2
106	20 33 2 30
107	36 37 38 24
108	18 27 21 2
109	10 12 3 26
110	25 13 11 5
111	4 12 28 2
112	36 32 25 23
113	23 29 5 37
114	46 17 28 45
115	28 26 31 13
116	30 38 23 11
117	43 38 31 27
118	29 9 5 16
119	5 2 20 37
120	35 30 26 7
121	12 25 43 23
122	28 2 25 31
123	10 17 31 33
124	7 44 8 43
125	18 39 43 8
126	14 40 33 37
127	12 39 2 9
128	16 42 35 9
129	5 30 17 38
130	39 46 23 43
131	38 40 9 30
132	41 21 36 1
133	28 14 22 43
134	11 15 14 3
135	23 30 34 45
136	16 46 34 4
137	5 36 31 39
138	18 38 23 28
139	12 14 2 43
140	41 10 25 18
141	24 29 42 14
142	20 41 17 28
143	30 34 38 1
144	25 4 28 29
145	15 45 30 26
146	25 36 32 39
147	29 43 5 23
148	15 16 43 27
149	40 36 31 32
150	38 12 29 31
151	35 12 30 23
152	13 23 9 3
153	2 3 46 4
154	14 6 28 18
155	21 3 45 34
156	17 14 38 12
157	31 38 14 7
158	30 6 7 11
159	36 18 27 29
160	20 7 44 42
161	26 3 15 42
162	22 7 44 26
163	30 18 38 23
164	35 6 4 13
165	13 24 18 33
166	40 20 14 28
167	9 42 40 4
168	6 1 32 45
169	11 24 17 37
170	20 42 33 39
171	17 34 38 37
172	8 37 17 41
173	20 38 33 16
174	41 5 24 45
175	34 7 20 12
176	17 13 42 16
177	12 17 37 10
178	32 43 21 40
179	36 30 18 10
180	12 17 2 42
181	36 21 43 1
182	2 6 37 29
183	37 14 10 36
184	14 40 34 33
185	31 29 21 1
186	41 31 19 10
187	9 46 37 38
188	33 28 31 41
189	40 16 44 31
190	27 31 20 22
191	25 18 4 9
192	3 21 36 37
193	13 45 10 2
194	11 10 25 16
195	7 42 8 24
196	10 1 42 18
197	4 7 9 19
198	12 45 26 42
199	33 28 14 9
200	5 37 27 43
201	14 36 7 1
202	36 22 7 44
203	5 4 10 14
204	26 38 42 2
205	30 27 32 2
206	46 31 43 1
207	10 29 7 11
208	31 20 6 10
209	2 7 23 13
210	38 9 25 18
211	32 30 26 43
212	29 8 22 14
213	16 40 3 4
214	44 21 1 8
215	22 35 14 19
216	38 35 41 45
217	26 6 41 28
218	20 29 41 16
219	5 22 36 17
220	28 40 35 3
221	9 18 23 35
222	30 32 31 29
223	10 39 15 23
224	39 37 3 20
225	34 42 25 5
226	40 27 35 22
227	7 5 39 15
228	41 26 4 44
229	15 46 30 43
230	33 29 19 35
231	38 35 16 33
232	45 37 46 21
233	23 25 10 17
234	38 10 39 25
235	20 28 38 21
236	26 42 4 13
237	14 12 46 2
238	43 30 34 36
239	46 3 36 34
240	8 42 25 37
241	9 43 32 34
242	37 18 10 29
243	10 46 21 7
244	20 37 30 22
245	6 39 13 2
246	34 26 32 25
247	29 26 18 46
248	29 26 16 1
249	1 22 31 37
250	1 11 23 9
251	19 17 31 30
252	33 2 30 21
253	8 15 36 43
254	20 42 11 9
255	15 7 38 6
256	28 25 44 17
257	43 10 39 44
258	33 40 30 15
259	34 46 10 31
260	32 21 13 23
261	18 24 27 17
262	28 8 24 39
263	24 45 37 6
264	21 25 44 17
265	2 11 39 40
266	1 16 30 24
267	5 14 24 33
268	31 13 10 28
269	10 19 24 14
270	24 20 21 29
271	4 39 6 11
272	46 9 34 32
273	24 38 30 44
274	15 1 25 11
275	31 33 18 15
276	38 34 10 13
277	15 34 33 13
278	27 38 16 14
279	19 16 21 10
280	45 26 34 38
281	44 25 23 35
282	26 16 36 33
283	42 14 18 22
284	3 10 35 5
285	46 42 37 20
286	41 12 39 37
287	40 8 29 21
288	25 42 5 14
289	40 34 12 30
290	23 39 26 46
291	2 34 3 44
292	7 46 32 33
293	36 43 37 42
294	26 4 23 21
295	33 28 2 1
296	44 13 5 24
297	29 10 14 16
298	4 7 40 33
299	8 39 46 43
300	12 19 29 7
301	9 35 39 46
302	32 13 25 8
303	26 35 15 32
304	30 6 14 44
305	9 41 44 30
306	2 4 6 13
307	9 44 8 24
308	21 15 7 39
309	2 41 13 26
310	35 45 10 12
311	42 34 41 21
312	38 15 36 17
313	44 24 43 25
314	39 4 35 32
315	34 20 16 6
316	7 15 43 37
317	2 9 24 25
318	2 25 15 46
319	27 9 38 30
320	39 42 40 37
321	16 43 27 45
322	23 14 9 4
323	18 16 43 5
324	36 37 23 42
325	25 27 43 18
326	44 14 26 32
327	23 42 7 3
328	27 4 34 7
329	35 10 9 20
330	34 15 37 19
331	22 37 11 6
332	17 8 26 10
333	25 45 8 18
334	32 11 41 31
335	22 46 8 3
336	32 16 6 12
337	35 30 22 24
338	29 13 46 26
339	11 36 42 29
340	16 44 34 46
341	18 3 2 6
342	18 16 33 39
343	9 14 21 17
344	24 46 16 22
345	39 14 9 16
346	22 7 33 18
347	5 17 29 23
348	9 17 37 13
349	11 13 5 27
350	28 10 24 41
351	14 37 8 43
352	34 37 35 33
353	28 32 34 16
354	27 39 29 12
355	32 6 37 4
356	27 18 4 11
357	32 25 44 43
358	15 23 45 22
359	13 8 20 41
360	18 20 16 41
361	35 4 15 32
362	30 27 3 44
363	3 32 24 30
364	22 8 35 33
365	9 26 27 15
366	1 7 45 36
367	35 28 39 30
368	11 21 22 35
369	45 34 43 1
370	13 10 23 27
371	24 17 16 44
372	37 13 21 7
373	31 43 20 19
374	28 8 41 39
375	24 15 43 13
376	5 41 24 27
377	41 20 31 29
378	33 25 26 24
379	35 46 11 36
380	13 7 33 21
381	14 8 43 23
382	42 31 36 5
383	25 16 41 45
384	30 8 45 11
385	30 45 21 13
386	37 34 21 39
387	46 23 26 2
388	18 20 2 19
389	32 24 11 9
390	27 10 26 3
391	2 15 19 43
392	3 17 31 13
393	42 24 20 38
394	6 8 33 32
395	14 37 8 26
396	23 16 17 39
397	31 12 19 17
398	37 9 18 29
399	11 20 40 39
400	9 45 14 31
401	43 20 2 11
402	34 29 22 30
403	38 39 7 32
404	12 38 1 30
405	44 4 41 39
406	35 14 20 13
407	24 20 36 11
408	12 3 22 8
409	38 32 16 41
410	22 31 38 17
411	38 6 30 40
412	20 22 8 18
413	5 27 12 35
414	42 22 6 16
415	45 31 24 42
416	35 19 13 16
417	2 5 35 25
418	40 14 17 11
419	2 8 5 7
420	21 35 5 23
421	24 43 10 34
422	2 43 19 4
423	31 26 11 44
424	17 44 32 15
425	12 28 1 8
426	34 16 6 37
427	25 8 40 27
428	46 37 1 23
429	27 40 2 12
430	1 41 4 19
431	29 31 34 16
432	39 5 29 12
433	38 44 8 4
434	8 10 11 18
435	24 38 44 40
436	46 35 17 7
437	38 7 26 20
438	1 42 31 39
439	2 17 32 41
440	46 29 22 25
441	43 38 14 41
442	31 46 12 45
443	27 24 12 2
444	26 16 9 20
445	22 36 46 26
446	12 24 42 22
447	32 16 43 25
448	16 5 42 8
449	40 43 13 41
450	2 43 33 10
451	35 5 15 10
452	15 5 9 8
453	6 15 20 37
454	12 26 15 38
455	4 39 14 5
456	21 8 12 23
457	45 33 14 34
458	18 4 1 33
459	38 18 36 19
460	41 10 44 5
461	28 14 34 25
462	8 44 34 39
463	8 42 15 7
464	44 40 24 1
465	21 8 30 11
466	12 30 40 13
467	21 42 28 40
468	46 39 2 35
469	25 24 32 19
470	9 16 17 20
471	37 9 13 3
472	19 24 2 35
473	15 35 43 46
474	29 17 37 16
475	19 6 25 17
476	4 20 13 29
477	15 5 10 39
478	18 29 34 25
479	39 29 16 2
480	29 17 43 30
481	7 6 3 27
482	38 15 26 11
483	38 8 15 14
484	37 6 30 39
485	38 23 7 45
486	27 23 41 21
487	34 6 45 43
488	8 32 2 17
489	43 21 11 46
490	17 37 10 41
491	35 31 18 2
492	9 2 30 4
493	36 38 33 16
494	3 27 10 18
495	43 30 44 41
496	13 33 28 35
497	34 3 9 42
498	30 1 40 21
499	30 46 27 44
500	23 4 21 31
501	38 2 26 45
502	3 41 42 18
503	33 7 38 35
504	30 23 2 40
505	4 23 44 27
506	5 33 6 2
507	29 46 3 43
508	2 8 45 25
509	8 46 45 25
510	22 45 31 4
511	33 26 7 24
512	33 37 46 42
513	14 40 12 36
514	27 45 34 14
515	41 13 8 10
516	9 6 10 19
517	28 31 24 41
518	8 2 40 32
519	38 33 4 9
520	44 26 14 35
521	5 43 14 35
522	37 32 15 19
523	43 46 31 14
524	31 12 5 28
525	12 21 20 10
526	29 16 36 3
527	40 41 27 13
528	34 8 18 37
529	17 40 13 21
530	7 19 17 34
531	12 20 6 31
532	13 27 5 25
533	23 44 21 9
534	34 25 15 9
535	13 8 14 44
536	40 31 32 22
537	8 6 1 5
538	6 10 38 5
539	25 15 46 32
540	10 31 46 5
541	14 43 12 40
542	39 23 26 42
543	38 12 9 18
544	14 10 17 37
545	33 27 42 35
546	41 18 4 23
547	13 26 42 34
548	12 11 38 5
549	2 33 38 5
550	40 11 7 46
551	12 19 37 44
552	9 33 1 14
553	22 36 16 42
554	21 25 3 30
555	28 41 6 13
556	42 40 26 11
557	23 6 46 30
558	29 16 3 17
559	41 32 4 5
560	20 2 17 45
561	4 25 12 45
562	31 15 26 46
563	4 11 29 45
564	29 13 43 20
565	40 24 6 14
566	25 12 17 30
567	46 31 12 37
568	36 25 34 24
569	6 44 31 12
570	35 24 16 26
571	25 4 36 8
572	13 37 40 35
573	20 18 25 39
574	46 22 38 10
575	11 36 3 27
576	18 21 31 7
577	38 43 18 31
578	2 4 29 27
579	24 1 11 21
580	4 34 25 29
581	23 10 18 42
582	15 35 28 7
583	1 6 22 13
584	5 32 25 36
585	30 15 42 24
586	8 35 32 22
587	27 25 11 43
588	16 25 43 17
589	12 30 24 8
590	19 7 36 5
591	28 19 27 31
592	44 21 45 20
593	40 12 18 24
594	13 44 18 29
595	14 16 11 26
596	26 24 31 46
597	1 9 28 21
598	24 8 7 45
599	5 30 29 9
600	24 20 4 3
601	8 13 11 16
602	27 21 11 22
603	8 39 15 6
604	40 24 28 31
605	29 2 25 32
606	10 27 45 43
607	34 12 45 40
608	20 26 16 43
609	1 16 33 30
610	44 10 28 45
611	20 14 22 29
612	43 46 10 29
613	28 36 31 16
614	39 30 5 43
615	29 37 22 31
616	36 13 20 37
617	10 20 17 4
618	16 43 41 30
619	5 29 20 3
620	7 40 41 2
621	11 7 9 46
622	14 12 23 21
623	46 12 21 20
624	18 11 6 9
625	14 33 30 43
626	38 5 6 29
627	19 42 34 27
628	4 20 33 18
629	20 14 24 11
630	5 27 21 6
631	27 1 11 13
632	23 19 22 15
633	18 8 33 13
634	41 24 15 4
635	29 31 39 44
636	29 10 14 5
637	7 9 38 32
638	14 8 46 2
639	36 11 35 45
640	10 7 14 46
641	38 8 23 33
642	46 33 1 4
643	38 28 44 46
644	8 1 13 16
645	26 18 31 15
646	28 8 21 25
647	18 25 24 20
648	7 10 27 19
649	33 30 2 8
650	43 18 17 21
651	26 16 23 4
652	4 1 39 25
653	41 23 21 37
654	27 3 12 38
655	37 41 28 2
656	13 23 46 2
657	19 46 44 37
658	9 24 3 16
659	32 31 24 34
660	15 23 5 22
661	10 45 24 28
662	33 40 16 44
663	26 22 35 19
664	43 14 2 42
665	25 17 30 38
666	5 12 46 3
667	10 41 19 13
668	46 32 7 41
669	29 14 5 15
670	3 22 13 23
671	19 2 41 45
672	45 3 19 42
673	29 18 33 30
674	20 36 23 1
675	12 7 32 1
676	22 30 13 11
677	42 8 17 40
678	19 21 36 27
679	11 19 44 7
680	3 10 7 25
681	3 24 19 31
682	28 33 46 45
683	9 39 10 30
684	30 18 15 34
685	16 39 33 29
686	40 15 3 22
687	44 16 9 34
688	43 30 42 36
689	26 7 27 8
690	5 10 26 17
691	29 33 8 43
692	23 24 2 11
693	27 37 41 6
694	4 20 8 9
695	23 9 6 21
696	46 23 19 37
697	29 26 32 40
698	39 38 20 32
699	9 17 20 14
700	26 10 25 30
701	33 6 37 46
702	7 1 31 40
703	9 5 13 36
704	37 28 34 42
705	45 42 27 26
706	32 40 19 5
707	10 27 46 23
708	8 18 5 31
709	15 18 29 43
710	26 27 39 2
711	43 36 11 28
712	29 1 42 3
713	22 36 11 43
714	15 41 2 4
715	44 26 21 31
716	6 32 36 26
717	34 27 7 32
718	42 2 45 7
719	32 36 29 5
720	45 5 6 12
721	7 15 24 46
722	29 22 16 43
723	28 18 29 25
724	24 35 2 1
725	31 11 23 4
726	33 19 4 22
727	35 8 13 34
728	40 25 44 7
729	35 31 44 39
730	36 30 11 21
731	34 38 24 28
732	41 20 24 13
733	3 33 40 26
734	41 31 27 3
735	20 9 11 38
736	37 21 14 45
737	12 9 25 3
738	46 18 31 2
739	33 3 22 13
740	15 6 40 1
741	27 25 45 28
742	40 37 12 35
743	27 30 34 29
744	4 43 44 6
745	20 37 18 29
746	30 31 44 10
747	18 44 13 39
748	4 30 39 1
749	17 2 40 26
750	25 27 23 45
751	18 10 32 25
752	43 6 7 45
753	14 19 10 3
754	5 41 43 36
755	17 22 28 20
756	42 13 32 7
757	40 7 6 31
758	31 29 44 13
759	20 11 5 21
760	43 38 34 5
761	22 25 19 3
762	43 12 42 41
763	22 30 12 9
764	14 8 41 16
765	18 9 11 31
766	30 9 8 23
767	36 45 8 29
768	25 15 10 41
769	34 41 32 30
770	36 19 24 32
771	12 27 17 7
772	44 17 45 40
773	3 39 43 40
774	24 6 27 4
775	31 8 43 37
776	15 17 18 40
777	30 33 32 27
778	1 28 4 3
779	13 21 35 23
780	5 25 11 45
781	24 4 27 36
782	36 22 33 13
783	13 2 37 18
784	7 44 25 23
785	18 15 38 13
786	6 31 4 33
787	8 37 14 39
788	37 23 18 3
789	39 25 31 37
790	33 34 20 17
791	43 46 15 22
792	6 22 14 4
793	10 12 25 39
794	24 2 38 6
795	13 14 39 38
796	7 25 8 39
797	36 2 38 34
798	40 45 28 36
799	21 35 5 34
800	1 26 38 5
801	23 41 28 43
802	17 42 44 33
803	36 1 2 7
804	13 16 26 32
805	42 39 10 18
806	24 46 13 30
807	38 46 31 9
808	29 24 28 36
809	31 43 28 6
810	37 25 31 33
811	19 10 27 18
812	44 11 31 16
813	19 43 20 31
814	28 35 33 7
815	20 1 4 35
816	25 34 37 45
817	30 10 14 23
818	13 46 35 44
819	32 43 34 11
820	2 4 15 46
821	31 37 1 4
822	8 4 37 35
823	33 38 45 39
824	17 37 24 8
825	32 17 2 42
826	14 44 45 15
827	2 13 21 29
828	18 22 42 24
829	29 13 12 4
830	6 32 33 11
831	8 27 46 30
832	33 1 23 21
833	22 4 7 16
834	3 38 23 14
835	44 18 39 11
836	33 23 37 5
837	43 40 41 26
838	26 45 11 14
839	44 4 32 15
840	8 7 38 1
841	19 2 1 39
842	33 29 37 40
843	13 4 1 30
844	32 12 9 26
845	37 39 41 8
846	42 9 27 24
847	20 30 25 10
848	27 36 13 6
849	23 40 46 35
850	42 2 26 37
851	1 22 17 8
852	44 10 8 3
853	24 26 31 10
854	42 35 24 44
855	30 33 17 37
856	25 9 27 10
857	14 38 1 22
858	15 10 27 26
859	45 18 7 29
860	42 30 43 24
861	22 39 13 36
862	25 32 5 18
863	36 21 30 37
864	4 7 39 16
865	38 46 15 33
866	14 4 26 11
867	3 38 13 22
868	41 24 1 44
869	39 36 24 17
870	37 17 39 12
871	5 34 3 15
872	33 36 7 26
873	38 31 10 29
874	17 40 21 43
875	2 9 45 23
876	44 16 8 37
877	11 25 42 21
878	38 24 44 3
879	18 35 17 5
880	6 36 42 3
881	45 8 7 37
882	35 40 3 2
883	9 2 22 41
884	42 19 32 23
885	26 16 27 13
886	26 33 16 30
887	35 18 34 25
888	37 3 30 5
889	12 10 32 18
890	22 33 14 34
891	1 7 35 33
892	29 8 23 31
893	37 34 12 19
894	32 40 1 35
895	5 1 32 28
896	17 44 37 13
897	35 43 45 21
898	18 30 14 44
899	25 24 29 34
900	18 42 22 34
901	22 39 16 34
902	19 31 8 30
903	13 23 35 11
904	34 6 28 14
905	43 21 23 7
