Students	890
1	14 47 34 41
2	52 68 5 3
3	25 34 61 66
4	53 74 44 40
5	46 18 7 55
6	18 47 40 6
7	29 37 18 57
8	24 20 7 51
9	55 41 51 4
10	19 61 50 53
11	78 77 12 18
12	62 70 45 41
13	16 51 35 75
14	49 68 69 48
15	55 30 26 58
16	72 12 77 3
17	59 45 23 77
18	13 47 1 23
19	19 12 8 4
20	52 74 31 66
21	24 74 70 11
22	75 3 13 61
23	4 53 64 29
24	77 39 42 20
25	2 15 11 33
26	64 20 3 73
27	4 32 54 66
28	78 60 7 8
29	66 35 72 25
30	26 25 74 67
31	56 65 66 63
32	17 54 57 3
33	34 13 64 54
34	69 40 48 43
35	64 60 66 15
36	19 46 13 30
37	62 38 1 56
38	12 50 41 38
39	62 76 20 69
40	70 56 2 8
41	57 56 10 66
42	39 11 53 33
43	77 74 50 43
44	74 33 14 50
45	58 45 67 27
46	47 5 67 31
47	24 74 54 73
48	61 1 16 33
49	11 69 3 22
50	76 74 61 34
51	12 15 21 5
52	15 75 43 58
53	56 10 77 32
54	46 26 8 5
55	20 38 75 4
56	42 51 19 17
57	42 35 34 8
58	17 9 39 7
59	25 9 18 60
60	37 75 43 60
61	30 24 21 20
62	55 2 17 19
63	5 30 31 64
64	78 48 32 53
65	23 69 30 12
66	74 44 56 63
67	35 63 9 36
68	47 10 65 71
69	70 7 21 2
70	67 14 50 18
71	36 34 30 11
72	21 50 56 29
73	27 25 9 28
74	62 48 23 54
75	76 17 48 52
76	6 39 47 62
77	26 40 10 42
78	32 59 39 7
79	77 32 46 70
80	32 71 4 50
81	38 72 57 71
82	41 63 19 65
83	37 60 29 42
84	61 14 19 35
85	73 37 24 60
86	68 52 57 65
87	18 75 45 41
88	43 27 70 50
89	17 52 39 4
90	38 33 73 75
91	71 8 43 45
92	31 56 33 3
93	60 66 62 69
94	71 12 38 74
95	34 40 3 33
96	18 59 16 5
97	55 52 17 47
98	24 33 22 67
99	70 68 60 13
100	74 15 45 4
101	16 30 61 20
102	10 39 19 13
103	61 76 71 25
104	54 16 61 12
105	42 54 14 63
106	54 64 27 75
107	39 50 37 19
108	15 33 16 38
109	19 73 62 43
110	48 19 67 77
111	18 51 53 5
112	41 69 46 28
113	66 3 52 9
114	10 66 63 38
115	14 9 8 61
116	55 38 11 65
117	71 10 1 35
118	67 12 55 44
119	54 60 3 76
120	8 19 25 37
121	66 18 54 45
122	19 18 12 75
123	59 23 67 75
124	29 54 11 62
125	76 56 61 29
126	37 45 60 38
127	69 64 25 1
128	5 36 24 16
129	64 37 17 53
130	62 57 23 1
131	5 31 39 43
132	76 42 13 70
133	69 50 55 61
134	57 23 16 77
135	50 13 20 30
136	52 50 68 65
137	31 10 5 6
138	43 50 27 67
139	6 49 46 72
140	38 48 59 10
141	34 6 8 40
142	38 21 33 74
143	50 56 12 23
144	3 7 36 58
145	30 18 60 54
146	17 11 15 77
147	20 41 15 33
148	48 78 35 28
149	70 50 66 11
150	64 28 67 73
151	16 69 34 7
152	11 22 9 23
153	34 66 38 32
154	1 46 64 42
155	25 12 44 68
156	68 30 62 41
157	30 35 40 36
158	67 43 30 68
159	42 32 17 77
160	35 60 20 9
161	47 60 41 63
162	73 21 11 31
163	21 45 50 77
164	37 40 70 76
165	7 75 50 24
166	34 36 61 13
167	9 18 77 50
168	22 77 2 8
169	21 35 67 10
170	42 48 9 68
171	36 8 37 72
172	71 43 37 68
173	13 16 9 4
174	47 39 14 2
175	39 20 25 42
176	37 59 24 46
177	56 61 37 66
178	42 9 35 61
179	4 23 12 47
180	59 29 36 34
181	41 77 30 29
182	78 46 31 59
183	58 31 16 45
184	20 15 37 75
185	3 55 56 24
186	62 76 28 63
187	56 9 57 14
188	10 35 14 45
189	61 68 11 4
190	10 38 78 36
191	45 69 22 11
192	20 38 54 69
193	8 61 73 37
194	56 65 19 13
195	38 6 44 18
196	46 73 58 49
197	6 15 59 8
198	52 65 16 34
199	76 56 25 78
200	65 23 32 16
201	12 18 45 29
202	31 35 48 41
203	73 45 22 53
204	41 17 28 61
205	45 10 34 57
206	20 78 55 12
207	3 45 22 36
208	63 42 11 18
209	57 70 35 66
210	34 2 73 59
211	24 16 77 7
212	41 7 16 18
213	52 18 68 64
214	34 15 45 42
215	64 25 52 24
216	59 30 35 72
217	77 44 27 64
218	35 51 42 33
219	50 72 43 20
220	38 75 28 33
221	62 54 49 20
222	68 44 64 41
223	32 5 39 3
224	58 56 48 75
225	29 26 60 54
226	27 37 72 29
227	30 53 45 38
228	23 7 41 53
229	26 53 71 27
230	14 57 78 41
231	11 39 77 67
232	6 70 60 26
233	5 68 15 12
234	68 53 74 16
235	77 23 33 16
236	55 9 24 7
237	33 66 63 61
238	24 37 13 70
239	25 48 37 2
240	7 70 48 66
241	33 3 50 29
242	66 77 2 48
243	38 9 41 76
244	7 31 38 36
245	70 38 57 32
246	13 33 48 1
247	23 5 37 44
248	41 5 33 18
249	54 75 55 45
250	43 59 39 28
251	28 18 27 45
252	6 55 36 24
253	76 60 64 52
254	3 1 13 70
255	19 67 26 29
256	29 60 12 71
257	35 27 17 59
258	73 75 47 3
259	67 58 21 16
260	58 49 37 33
261	71 50 70 49
262	37 56 51 53
263	24 27 47 31
264	31 47 2 33
265	63 18 65 2
266	7 37 68 15
267	25 10 61 28
268	14 39 69 43
269	25 41 76 31
270	2 22 49 70
271	73 57 46 61
272	12 36 5 6
273	34 71 19 1
274	1 70 62 14
275	73 66 18 77
276	73 8 72 19
277	53 71 33 20
278	70 74 37 38
279	14 75 69 59
280	71 28 7 13
281	54 42 78 41
282	23 70 2 35
283	35 76 29 23
284	18 60 7 30
285	6 40 19 47
286	73 69 48 8
287	3 71 33 57
288	28 54 35 46
289	69 54 17 25
290	41 59 70 11
291	20 1 29 25
292	21 16 58 7
293	28 68 21 60
294	6 67 27 13
295	54 11 75 32
296	10 33 75 26
297	15 56 26 25
298	56 38 11 58
299	6 20 49 5
300	69 11 41 21
301	58 73 2 33
302	33 78 64 53
303	72 21 56 70
304	75 16 68 19
305	23 58 46 65
306	20 8 5 63
307	38 36 23 24
308	21 71 42 47
309	2 41 5 48
310	71 51 14 33
311	38 31 32 72
312	16 11 45 26
313	11 9 35 62
314	15 26 63 61
315	76 20 19 35
316	53 43 56 63
317	9 37 50 77
318	66 41 56 1
319	1 46 77 45
320	50 22 11 71
321	71 14 10 43
322	31 58 60 46
323	49 67 33 52
324	38 71 30 3
325	62 45 30 19
326	60 5 78 73
327	7 33 57 32
328	40 73 41 62
329	18 15 67 49
330	6 27 5 52
331	10 66 33 37
332	55 39 73 35
333	46 57 42 78
334	71 76 75 61
335	48 5 8 3
336	64 68 63 58
337	65 44 58 68
338	57 78 49 19
339	20 69 68 45
340	25 46 31 67
341	35 18 66 9
342	49 53 36 23
343	49 11 19 67
344	16 17 63 47
345	75 46 51 43
346	62 29 41 19
347	75 4 17 7
348	49 18 38 48
349	10 28 27 14
350	40 23 29 5
351	20 21 13 15
352	30 60 70 39
353	65 69 61 71
354	69 7 26 62
355	62 51 17 18
356	33 35 29 61
357	30 38 47 75
358	69 49 1 32
359	14 68 34 18
360	12 43 44 21
361	42 15 65 11
362	76 73 45 58
363	56 69 57 45
364	62 65 52 67
365	46 66 3 41
366	31 16 44 22
367	48 7 13 6
368	1 65 71 34
369	48 56 54 16
370	12 7 36 72
371	53 35 69 37
372	49 21 55 27
373	47 73 12 35
374	38 18 19 53
375	32 49 42 60
376	51 48 2 16
377	78 59 64 34
378	4 20 50 73
379	49 31 45 30
380	73 36 8 19
381	8 21 15 67
382	2 56 26 34
383	23 60 14 15
384	70 78 43 72
385	50 64 43 75
386	48 6 71 35
387	16 70 60 69
388	17 61 13 32
389	22 13 30 23
390	45 41 21 61
391	41 18 74 58
392	60 5 50 23
393	52 18 37 56
394	38 62 32 50
395	77 32 50 56
396	77 48 37 3
397	2 74 31 16
398	12 48 51 56
399	51 50 15 60
400	64 6 26 24
401	41 64 4 59
402	74 32 27 3
403	55 46 32 58
404	56 8 26 38
405	68 31 23 32
406	42 30 71 45
407	47 49 68 70
408	24 60 9 56
409	20 30 1 9
410	37 35 4 13
411	67 39 3 55
412	31 44 15 66
413	6 35 27 55
414	19 13 54 37
415	65 43 44 32
416	16 42 73 38
417	31 16 37 35
418	66 64 77 30
419	30 8 29 33
420	76 31 54 19
421	57 78 42 15
422	38 42 25 71
423	27 11 46 31
424	17 58 9 61
425	18 2 70 4
426	77 8 51 19
427	51 52 70 66
428	28 52 66 16
429	26 64 77 73
430	76 33 45 41
431	26 76 21 52
432	29 17 64 59
433	77 24 44 45
434	44 55 29 28
435	64 16 78 75
436	12 45 33 17
437	35 25 36 59
438	45 30 1 14
439	47 30 26 2
440	25 54 6 75
441	76 4 8 13
442	77 36 37 27
443	43 42 29 59
444	44 23 62 41
445	59 45 64 37
446	42 4 28 52
447	43 76 67 31
448	32 62 9 50
449	38 1 8 47
450	8 3 33 31
451	64 33 76 15
452	35 19 1 75
453	19 48 10 31
454	73 9 30 76
455	53 57 1 10
456	20 23 29 63
457	43 54 53 73
458	68 64 50 32
459	66 70 46 25
460	28 61 70 69
461	13 19 41 67
462	36 23 17 75
463	45 29 59 65
464	21 32 46 72
465	40 35 73 29
466	75 49 11 20
467	68 53 55 34
468	45 22 32 60
469	39 73 72 56
470	51 13 66 15
471	49 50 60 40
472	63 1 53 29
473	30 55 40 34
474	70 24 36 30
475	8 77 19 17
476	31 55 15 40
477	48 8 73 35
478	65 41 77 16
479	38 77 71 43
480	8 17 34 16
481	76 70 56 6
482	47 54 71 24
483	22 26 35 67
484	38 18 4 36
485	34 61 66 25
486	54 3 39 36
487	42 49 15 5
488	44 21 46 36
489	44 56 61 7
490	50 6 70 5
491	48 73 46 47
492	50 43 13 31
493	25 60 59 16
494	4 51 3 33
495	55 35 61 66
496	62 27 49 67
497	51 38 53 27
498	2 52 41 3
499	22 16 63 28
500	56 23 17 1
501	23 8 57 29
502	12 21 31 17
503	30 16 35 48
504	67 57 74 26
505	29 65 12 33
506	62 43 18 59
507	19 59 62 52
508	73 6 9 40
509	13 18 20 3
510	20 6 78 48
511	56 38 78 31
512	65 57 59 66
513	29 19 4 7
514	52 62 74 50
515	42 54 56 25
516	53 58 54 73
517	20 46 72 59
518	26 7 42 65
519	4 19 49 73
520	53 20 38 18
521	61 3 74 5
522	25 27 59 42
523	39 51 66 47
524	66 26 3 1
525	2 33 30 39
526	52 4 60 45
527	77 68 9 1
528	13 69 17 68
529	71 73 34 11
530	48 9 22 57
531	74 7 17 62
532	37 62 23 34
533	54 58 65 36
534	27 16 13 69
535	10 41 60 31
536	44 70 15 8
537	35 25 31 13
538	6 47 36 31
539	17 73 54 9
540	47 21 73 19
541	6 20 9 39
542	40 4 17 72
543	7 14 2 1
544	11 39 34 54
545	41 10 7 26
546	40 55 74 72
547	21 11 56 75
548	34 15 71 76
549	67 53 70 44
550	53 72 43 67
551	46 47 68 13
552	4 37 1 66
553	50 62 8 36
554	16 9 56 76
555	30 53 1 74
556	31 59 5 19
557	19 64 66 71
558	47 42 73 52
559	18 64 37 36
560	28 41 14 15
561	4 27 15 33
562	36 46 60 30
563	5 47 71 69
564	43 20 50 31
565	55 71 38 7
566	11 21 39 37
567	14 12 49 2
568	63 6 40 39
569	27 3 32 52
570	28 69 27 32
571	35 70 45 49
572	15 9 52 21
573	18 16 10 4
574	45 73 53 63
575	46 13 55 72
576	68 14 11 60
577	10 59 7 48
578	53 45 66 10
579	54 70 39 2
580	2 74 53 52
581	48 67 14 63
582	53 21 74 73
583	47 40 16 1
584	50 10 34 68
585	39 65 57 20
586	66 42 7 26
587	22 69 2 50
588	17 6 71 50
589	53 23 52 47
590	76 31 60 62
591	21 18 42 67
592	9 53 16 75
593	63 35 42 49
594	14 27 49 63
595	20 48 70 1
596	2 18 29 9
597	32 16 26 60
598	17 16 3 68
599	32 14 11 21
600	65 60 15 32
601	77 78 58 49
602	41 49 62 12
603	59 44 18 46
604	5 1 13 42
605	45 65 61 19
606	32 29 11 35
607	40 47 9 52
608	17 58 69 13
609	42 76 29 25
610	22 7 30 5
611	68 44 73 29
612	19 64 8 53
613	35 31 73 22
614	67 13 18 1
615	65 45 76 31
616	74 10 77 16
617	47 2 7 72
618	66 51 3 20
619	74 67 11 37
620	33 5 53 28
621	23 31 63 11
622	34 46 44 1
623	14 4 6 16
624	23 39 71 19
625	5 9 61 62
626	55 8 54 38
627	7 58 73 17
628	56 20 26 59
629	22 24 66 76
630	49 5 29 41
631	13 63 60 48
632	33 41 72 15
633	15 12 50 74
634	41 31 61 10
635	34 64 35 73
636	56 39 51 71
637	67 74 51 66
638	5 36 59 12
639	59 24 68 13
640	62 22 65 11
641	62 28 51 66
642	35 51 46 61
643	40 32 38 55
644	5 77 13 58
645	60 2 56 40
646	46 38 52 16
647	38 45 50 61
648	75 23 3 43
649	3 43 57 51
650	46 21 33 45
651	75 31 58 24
652	16 40 73 8
653	26 24 42 35
654	3 18 44 39
655	12 74 22 42
656	38 50 74 11
657	17 70 3 63
658	9 38 65 37
659	8 54 63 53
660	18 65 2 17
661	21 31 27 10
662	33 53 39 19
663	74 62 49 20
664	29 12 33 16
665	52 62 76 71
666	53 58 22 34
667	62 58 28 29
668	35 15 61 9
669	54 71 59 28
670	11 42 65 60
671	44 53 77 78
672	53 70 76 9
673	24 52 17 67
674	3 46 41 72
675	36 23 16 1
676	40 66 21 26
677	26 65 4 17
678	16 55 25 66
679	21 59 34 6
680	54 29 26 39
681	7 16 37 15
682	73 42 31 8
683	72 29 52 68
684	8 7 14 1
685	69 66 46 72
686	12 43 33 75
687	50 35 11 61
688	64 12 50 6
689	16 23 35 37
690	19 44 66 57
691	63 45 66 16
692	28 75 48 5
693	22 50 25 66
694	19 60 24 6
695	77 60 2 16
696	13 45 60 56
697	29 2 30 32
698	5 20 9 31
699	7 20 14 56
700	71 7 78 55
701	9 21 17 62
702	57 19 64 34
703	12 56 9 62
704	16 69 18 3
705	73 2 9 37
706	37 78 12 32
707	3 74 54 23
708	24 18 44 54
709	13 71 46 4
710	59 45 62 4
711	55 32 30 27
712	17 56 19 44
713	28 26 57 41
714	31 61 6 18
715	53 15 14 43
716	17 26 19 73
717	68 4 23 32
718	4 43 40 20
719	52 32 42 44
720	37 7 48 67
721	2 50 17 13
722	50 36 66 73
723	3 52 49 59
724	1 23 53 45
725	46 16 35 37
726	59 77 58 39
727	16 18 41 60
728	7 46 62 8
729	38 7 48 47
730	75 62 31 12
731	59 43 50 49
732	26 48 9 11
733	4 23 78 6
734	53 21 72 17
735	42 33 76 72
736	39 68 44 41
737	52 47 32 25
738	25 37 70 46
739	61 77 70 56
740	76 23 42 52
741	1 56 61 7
742	74 56 66 29
743	22 23 55 50
744	30 10 3 52
745	16 24 66 65
746	35 76 3 77
747	75 53 7 5
748	63 19 46 36
749	75 4 66 76
750	30 8 66 18
751	36 18 28 66
752	77 13 39 42
753	59 20 65 39
754	68 47 24 27
755	44 32 5 63
756	62 51 1 36
757	23 5 32 59
758	43 5 7 36
759	77 75 20 52
760	29 32 14 17
761	59 37 36 9
762	55 6 15 65
763	11 75 25 76
764	50 47 30 8
765	28 65 19 62
766	51 20 70 72
767	49 53 3 58
768	38 67 72 63
769	35 48 65 50
770	6 33 41 59
771	35 53 8 32
772	73 23 68 33
773	5 13 76 49
774	38 17 46 9
775	54 24 28 67
776	25 1 40 32
777	24 6 64 39
778	66 77 56 69
779	17 75 71 52
780	41 15 10 14
781	63 48 30 34
782	50 23 1 73
783	61 30 5 74
784	38 70 3 26
785	22 12 45 62
786	66 27 77 73
787	76 78 54 10
788	37 14 5 33
789	39 59 77 47
790	1 5 38 37
791	65 5 48 60
792	51 34 12 59
793	77 61 44 4
794	22 24 18 23
795	67 45 3 57
796	56 3 74 33
797	41 30 77 6
798	33 49 73 50
799	13 10 69 71
800	12 26 72 28
801	64 52 32 23
802	60 64 14 67
803	14 20 64 58
804	76 4 3 38
805	47 24 76 38
806	12 8 49 47
807	43 54 70 26
808	45 22 44 59
809	1 71 13 32
810	78 22 27 21
811	76 42 70 44
812	8 77 53 19
813	46 74 36 30
814	38 49 15 8
815	39 27 61 78
816	49 65 24 33
817	37 71 30 35
818	42 69 37 61
819	14 78 41 34
820	42 17 8 67
821	21 10 64 56
822	73 75 33 49
823	9 55 43 59
824	5 49 29 57
825	61 14 69 60
826	56 50 74 31
827	71 70 11 19
828	46 47 75 72
829	55 1 71 73
830	13 53 9 4
831	18 72 59 3
832	78 14 2 47
833	66 35 67 7
834	8 78 62 43
835	66 17 31 1
836	9 10 70 67
837	49 19 60 37
838	23 41 29 45
839	36 23 25 68
840	21 35 12 7
841	58 38 63 11
842	67 26 45 10
843	32 45 15 67
844	47 43 30 40
845	62 43 67 4
846	12 32 63 3
847	26 49 68 35
848	13 47 1 33
849	33 6 74 2
850	42 21 77 11
851	12 39 71 26
852	68 22 33 50
853	51 3 16 40
854	5 12 74 52
855	9 39 14 49
856	43 71 38 13
857	10 55 34 14
858	67 20 56 2
859	44 18 42 9
860	6 8 63 66
861	29 37 1 2
862	4 58 18 53
863	32 67 26 51
864	34 1 10 45
865	68 15 57 3
866	47 38 23 21
867	30 24 20 43
868	75 27 74 25
869	43 13 48 64
870	55 42 36 65
871	43 24 23 63
872	39 3 75 58
873	52 61 11 64
874	43 31 19 29
875	57 25 24 53
876	38 26 5 77
877	69 48 41 51
878	5 30 77 14
879	58 67 7 43
880	63 50 45 23
881	78 28 67 68
882	8 9 14 2
883	43 24 48 64
884	30 70 16 67
885	15 61 73 3
886	27 75 24 69
887	10 56 35 31
888	14 16 77 1
889	48 20 67 22
890	3 70 43 13
