Students	596
1	54 17 56 29
2	29 55 49 4
3	35 58 40 55
4	25 52 38 17
5	57 33 6 23
6	34 12 10 45
7	26 36 48 38
8	28 25 23 31
9	22 61 44 24
10	18 23 50 60
11	21 51 4 35
12	40 58 15 61
13	17 20 10 12
14	24 16 4 61
15	2 46 58 43
16	15 62 16 3
17	46 30 58 31
18	60 55 58 63
19	59 45 48 23
20	40 1 3 2
21	46 59 52 19
22	53 60 10 29
23	17 63 8 29
24	52 28 46 56
25	9 8 4 37
26	35 44 26 36
27	42 39 47 41
28	21 2 36 24
29	41 4 42 25
30	3 6 42 13
31	62 5 16 46
32	37 47 3 58
33	40 48 12 51
34	12 9 61 29
35	41 50 8 2
36	60 32 26 33
37	3 15 42 14
38	64 56 22 16
39	36 40 61 45
40	16 32 47 48
41	2 5 50 12
42	40 54 1 2
43	57 35 63 28
44	28 21 17 23
45	57 22 48 23
46	9 45 35 1
47	55 16 32 2
48	21 51 28 60
49	20 42 37 48
50	58 22 27 26
51	45 15 47 43
52	55 37 17 2
53	45 14 50 26
54	29 14 8 30
55	1 32 62 14
56	8 39 26 12
57	4 50 3 28
58	46 35 52 32
59	35 55 41 27
60	30 25 1 33
61	23 25 18 49
62	22 55 41 49
63	19 58 30 55
64	61 19 25 3
65	50 3 17 63
66	7 55 53 8
67	43 39 3 40
68	28 62 12 50
69	21 39 28 41
70	60 54 20 1
71	49 37 1 35
72	10 54 4 18
73	42 47 49 3
74	35 12 60 63
75	16 32 58 17
76	33 23 58 21
77	26 53 57 7
78	11 51 41 10
79	48 28 21 64
80	19 57 54 60
81	43 31 14 33
82	11 30 9 54
83	44 56 13 60
84	32 60 64 34
85	49 44 47 40
86	29 24 38 7
87	6 12 22 47
88	62 18 39 46
89	15 9 26 52
90	24 17 19 28
91	15 46 48 44
92	32 23 11 39
93	48 32 53 30
94	34 32 64 59
95	38 18 57 58
96	4 3 1 34
97	45 62 21 61
98	44 48 7 9
99	25 10 37 11
100	52 39 23 34
101	17 51 9 28
102	19 16 39 13
103	34 47 54 11
104	56 10 5 35
105	50 10 34 46
106	7 34 16 50
107	26 63 7 48
108	10 14 4 45
109	3 11 45 34
110	6 40 29 48
111	30 29 1 27
112	41 7 25 31
113	54 14 37 33
114	17 20 31 30
115	37 11 54 36
116	9 2 49 11
117	60 24 48 63
118	2 15 33 41
119	55 20 39 6
120	40 32 38 13
121	24 50 17 54
122	15 10 61 47
123	22 6 11 58
124	29 15 48 47
125	43 24 60 59
126	50 6 62 19
127	29 12 23 53
128	39 64 12 25
129	11 25 23 28
130	63 53 60 58
131	21 13 27 38
132	14 1 55 61
133	4 19 63 46
134	30 3 35 34
135	34 11 38 52
136	23 28 2 35
137	17 5 7 39
138	25 49 2 29
139	4 37 35 6
140	23 62 60 25
141	13 17 64 46
142	64 19 58 9
143	35 50 32 9
144	27 33 64 5
145	4 44 22 27
146	64 59 60 23
147	7 32 35 22
148	24 11 39 30
149	64 16 52 57
150	1 18 41 13
151	24 1 3 61
152	55 19 6 45
153	54 22 2 9
154	30 1 20 45
155	3 32 42 49
156	28 30 52 21
157	24 13 23 46
158	64 22 51 7
159	47 53 37 27
160	58 52 62 18
161	24 47 16 60
162	20 18 23 15
163	7 62 2 45
164	28 53 27 18
165	30 57 43 61
166	8 58 15 29
167	58 41 34 48
168	23 15 9 54
169	41 57 46 43
170	1 17 54 11
171	3 30 31 27
172	57 36 29 18
173	33 3 48 58
174	52 63 2 18
175	31 19 30 27
176	42 52 6 8
177	14 62 20 22
178	3 36 15 24
179	24 48 9 56
180	23 44 62 19
181	51 41 3 12
182	15 37 35 50
183	55 5 54 27
184	15 32 7 22
185	51 16 14 25
186	40 51 37 32
187	11 56 9 48
188	48 45 53 37
189	5 7 55 53
190	4 55 19 57
191	21 30 26 25
192	19 63 5 62
193	39 24 10 29
194	24 47 14 28
195	64 18 23 29
196	37 56 31 18
197	49 35 59 57
198	21 3 59 46
199	20 35 47 8
200	16 5 64 58
201	40 32 56 60
202	14 31 58 32
203	51 41 31 25
204	60 20 6 38
205	19 61 56 11
206	13 33 45 51
207	43 12 46 17
208	57 40 25 31
209	57 28 2 27
210	36 5 58 23
211	57 39 40 38
212	22 16 19 30
213	10 9 2 54
214	44 64 42 36
215	27 33 22 20
216	44 17 8 53
217	47 42 11 27
218	2 61 63 10
219	45 20 9 25
220	29 37 52 64
221	38 40 31 51
222	11 53 3 39
223	33 19 56 64
224	30 7 45 12
225	29 7 25 39
226	31 42 28 44
227	60 44 28 45
228	12 60 19 41
229	15 22 31 63
230	53 17 46 21
231	17 22 18 19
232	44 59 41 1
233	55 43 2 25
234	47 24 30 26
235	53 18 63 3
236	19 60 27 10
237	23 34 44 31
238	55 20 24 25
239	1 11 61 44
240	55 38 64 63
241	54 42 58 57
242	49 58 12 44
243	49 1 57 26
244	10 47 5 19
245	33 10 1 26
246	47 30 41 19
247	25 57 54 30
248	52 58 39 49
249	36 50 60 51
250	7 25 42 41
251	8 55 58 51
252	61 50 22 30
253	28 37 27 39
254	14 55 24 49
255	52 36 24 64
256	11 55 45 9
257	8 21 58 54
258	48 25 46 41
259	31 48 32 2
260	18 46 45 26
261	50 6 57 25
262	61 41 60 37
263	25 13 45 52
264	39 21 49 3
265	42 33 43 41
266	34 33 47 21
267	53 7 8 52
268	63 53 23 19
269	38 8 28 27
270	43 11 8 50
271	19 16 56 39
272	46 57 2 63
273	62 37 11 14
274	40 41 10 34
275	36 4 28 48
276	27 40 60 5
277	4 39 18 22
278	36 6 52 39
279	25 4 13 22
280	58 30 22 14
281	16 37 8 27
282	60 59 58 62
283	49 17 47 44
284	3 40 7 36
285	21 64 32 43
286	35 36 20 63
287	60 51 44 23
288	27 6 57 8
289	21 38 51 55
290	20 17 43 5
291	16 30 45 18
292	49 26 7 18
293	58 31 43 64
294	43 61 32 24
295	21 50 40 27
296	34 35 10 61
297	4 44 23 6
298	28 42 32 11
299	15 60 62 61
300	19 2 59 1
301	49 58 38 5
302	20 10 29 49
303	34 16 39 38
304	33 41 6 30
305	4 33 12 61
306	22 45 12 20
307	53 11 54 31
308	41 22 35 40
309	61 18 35 16
310	62 1 19 41
311	29 4 44 10
312	38 9 24 18
313	51 24 55 47
314	7 30 4 2
315	64 50 14 60
316	46 33 62 3
317	20 47 7 45
318	38 34 40 45
319	30 16 36 46
320	3 60 63 36
321	42 38 26 59
322	31 62 5 26
323	43 4 35 11
324	5 12 16 46
325	50 31 8 43
326	25 61 47 55
327	26 38 17 29
328	6 63 17 10
329	26 52 28 4
330	64 38 16 54
331	46 1 57 6
332	55 4 50 33
333	32 58 9 28
334	5 30 54 17
335	11 42 3 49
336	50 18 21 27
337	38 22 57 11
338	63 32 10 40
339	44 19 60 6
340	13 33 8 18
341	25 38 55 16
342	34 62 33 11
343	17 46 55 9
344	24 12 8 7
345	45 17 59 35
346	28 39 56 32
347	8 21 15 34
348	5 13 41 4
349	49 26 60 59
350	48 26 60 14
351	17 53 31 60
352	1 27 64 24
353	41 58 34 39
354	33 4 2 59
355	35 60 18 23
356	29 44 30 64
357	45 26 34 29
358	43 16 8 13
359	36 58 17 59
360	39 14 18 21
361	20 45 14 64
362	22 59 61 50
363	14 36 27 38
364	64 43 32 38
365	10 60 19 33
366	39 20 43 60
367	32 3 15 44
368	51 41 10 48
369	18 29 19 41
370	48 25 37 34
371	42 43 52 32
372	33 28 39 21
373	49 25 2 53
374	23 56 51 42
375	22 39 12 10
376	52 10 1 47
377	40 13 17 35
378	25 64 23 27
379	16 41 23 36
380	3 61 12 37
381	4 41 1 49
382	34 35 12 2
383	40 15 48 55
384	31 27 34 12
385	51 46 4 39
386	48 11 38 62
387	64 63 61 8
388	45 60 64 41
389	2 50 39 14
390	35 26 47 24
391	28 8 55 50
392	31 44 7 10
393	15 40 21 23
394	2 40 48 54
395	62 60 21 27
396	28 50 17 23
397	11 33 12 45
398	15 7 38 43
399	55 40 24 44
400	62 20 36 37
401	26 3 2 53
402	57 38 10 58
403	17 63 3 4
404	23 14 50 5
405	24 15 32 62
406	18 58 40 17
407	62 2 3 37
408	51 38 29 62
409	61 59 48 18
410	2 21 17 32
411	4 10 64 61
412	55 50 58 5
413	33 36 43 57
414	59 27 4 6
415	28 47 18 60
416	45 35 36 38
417	20 42 30 63
418	48 33 53 62
419	63 14 22 2
420	40 18 8 22
421	49 46 40 12
422	36 20 10 30
423	27 24 30 31
424	29 31 9 15
425	45 56 57 29
426	9 7 15 59
427	31 28 63 1
428	6 17 30 5
429	50 35 32 45
430	58 44 30 35
431	29 57 15 27
432	16 7 34 17
433	11 3 39 53
434	41 53 11 14
435	58 31 57 38
436	32 58 1 45
437	32 40 29 35
438	45 13 32 29
439	26 19 4 20
440	44 2 16 32
441	58 22 2 37
442	35 43 36 23
443	31 6 40 45
444	28 57 16 31
445	52 30 27 39
446	22 18 41 23
447	30 31 15 7
448	15 30 33 29
449	22 41 4 13
450	34 54 28 43
451	30 13 18 32
452	6 55 63 60
453	34 14 58 52
454	29 23 22 45
455	9 15 18 11
456	3 14 4 27
457	42 26 32 14
458	61 45 34 6
459	37 26 21 14
460	34 16 6 47
461	52 50 4 23
462	55 1 60 13
463	46 2 21 30
464	64 29 18 61
465	33 51 1 47
466	36 37 21 25
467	12 52 11 13
468	32 63 20 19
469	36 33 48 35
470	58 61 11 15
471	10 44 1 16
472	47 19 39 49
473	49 33 8 60
474	20 62 64 50
475	33 37 42 9
476	49 7 61 40
477	54 7 25 21
478	57 63 39 32
479	22 46 20 8
480	1 26 52 24
481	35 45 43 20
482	59 39 64 34
483	1 36 62 3
484	8 5 18 3
485	24 58 3 52
486	13 22 45 57
487	24 31 54 59
488	64 44 30 33
489	26 27 10 51
490	49 53 1 44
491	61 63 27 41
492	33 64 58 53
493	41 62 60 25
494	34 4 14 9
495	41 33 8 6
496	37 18 11 28
497	24 56 43 42
498	19 58 4 50
499	28 4 63 38
500	32 24 47 1
501	29 32 60 33
502	41 6 2 40
503	8 29 23 9
504	63 11 29 26
505	52 46 16 55
506	22 13 49 34
507	34 4 46 35
508	39 52 60 26
509	55 58 9 15
510	35 27 33 17
511	53 35 37 52
512	11 54 21 13
513	2 50 21 18
514	51 45 52 3
515	17 61 11 12
516	33 61 59 56
517	9 43 29 3
518	44 34 18 10
519	48 16 54 36
520	52 4 62 12
521	9 12 15 51
522	48 51 31 26
523	61 9 27 28
524	36 27 18 56
525	20 10 57 52
526	14 10 3 15
527	35 53 11 63
528	35 2 56 13
529	53 5 3 36
530	60 55 41 39
531	14 44 21 17
532	47 7 23 63
533	9 34 55 17
534	26 27 41 51
535	10 12 1 30
536	10 62 3 21
537	5 64 3 30
538	50 55 11 58
539	15 51 33 41
540	5 39 52 61
541	59 40 32 27
542	2 11 23 9
543	16 14 37 28
544	48 9 11 53
545	22 32 3 42
546	18 54 60 57
547	18 40 55 59
548	4 10 53 41
549	24 61 58 54
550	24 39 12 5
551	46 63 33 48
552	44 27 64 13
553	23 36 39 16
554	49 13 60 44
555	10 2 42 27
556	59 32 35 10
557	45 1 40 24
558	29 38 22 10
559	23 37 7 28
560	33 1 38 6
561	3 37 39 40
562	63 13 30 17
563	42 18 54 52
564	37 43 42 51
565	48 59 49 17
566	53 55 29 23
567	19 34 44 40
568	61 37 32 53
569	49 45 18 38
570	7 62 23 63
571	49 15 37 25
572	36 22 33 37
573	54 22 27 34
574	18 53 7 17
575	61 33 51 15
576	20 14 32 41
577	32 23 3 44
578	54 1 16 39
579	12 8 31 44
580	50 64 7 46
581	3 21 48 42
582	24 38 45 41
583	31 46 40 30
584	42 14 17 9
585	29 54 62 47
586	38 60 21 48
587	12 42 41 16
588	24 6 12 27
589	55 23 19 50
590	39 9 20 38
591	47 5 63 17
592	22 14 13 21
593	32 22 39 12
594	33 7 58 26
595	22 51 59 33
596	36 63 13 31
