Students	357
1	30 57 46 62
2	25 46 71 11
3	81 42 59 70
4	9 76 44 56
5	52 81 10 74
6	43 30 34 73
7	86 26 44 80
8	25 67 4 8
9	88 40 86 70
10	1 80 22 38
11	80 50 3 55
12	31 87 64 60
13	13 72 81 49
14	38 65 90 8
15	32 69 15 77
16	25 31 21 79
17	55 35 29 48
18	89 57 12 31
19	86 20 8 32
20	81 63 53 55
21	64 27 37 67
22	79 6 54 59
23	92 14 23 89
24	41 26 2 72
25	88 5 64 67
26	85 48 62 79
27	2 54 81 7
28	35 87 76 72
29	65 55 87 33
30	19 23 54 30
31	68 73 50 29
32	39 9 36 18
33	2 58 18 28
34	85 45 9 2
35	4 62 87 63
36	86 87 77 49
37	70 64 5 36
38	80 85 29 48
39	77 3 19 69
40	69 13 89 56
41	44 22 65 87
42	54 10 17 18
43	2 39 60 43
44	7 11 91 48
45	83 73 9 71
46	20 61 34 28
47	18 38 23 3
48	13 22 65 31
49	26 1 21 91
50	26 76 10 36
51	54 91 13 42
52	74 5 76 44
53	70 69 82 75
54	74 50 43 79
55	45 31 14 91
56	31 52 10 50
57	54 59 86 37
58	31 39 24 60
59	91 27 33 87
60	58 81 84 75
61	3 90 1 53
62	67 24 34 37
63	15 83 14 18
64	52 40 53 11
65	49 16 13 83
66	39 35 50 52
67	49 79 80 19
68	29 71 53 78
69	11 83 40 73
70	17 8 35 69
71	74 8 38 53
72	58 51 52 49
73	39 60 29 55
74	59 22 6 89
75	23 91 58 33
76	40 53 82 83
77	30 89 38 33
78	38 11 22 86
79	89 31 69 20
80	59 74 41 22
81	35 27 84 91
82	57 20 40 61
83	2 19 51 37
84	13 74 26 70
85	61 75 26 84
86	82 9 42 62
87	51 5 59 49
88	17 9 47 2
89	75 66 43 31
90	29 66 62 23
91	43 76 82 85
92	74 65 60 34
93	43 49 29 83
94	83 45 6 78
95	18 58 78 51
96	71 63 28 14
97	11 72 65 17
98	41 26 52 46
99	78 18 38 30
100	69 15 34 75
101	37 28 87 90
102	36 35 8 12
103	1 30 23 55
104	9 44 87 66
105	91 74 87 24
106	46 13 75 64
107	35 58 15 72
108	77 61 91 65
109	16 34 37 83
110	30 2 72 16
111	82 23 67 45
112	1 9 47 12
113	31 5 4 52
114	83 57 64 60
115	86 34 71 38
116	35 76 88 40
117	14 13 15 3
118	60 57 27 58
119	62 42 36 56
120	23 12 36 25
121	63 88 45 15
122	41 36 60 28
123	40 29 91 9
124	87 76 61 79
125	22 82 46 26
126	66 22 18 32
127	71 4 83 13
128	86 89 43 20
129	77 73 28 55
130	89 32 57 8
131	10 84 36 13
132	42 37 84 20
133	31 84 74 30
134	75 4 73 48
135	60 72 9 57
136	23 30 54 90
137	64 21 69 36
138	45 89 49 58
139	42 88 73 90
140	15 66 60 78
141	16 86 92 54
142	78 62 88 92
143	53 54 33 55
144	35 51 28 46
145	59 70 40 83
146	77 75 47 64
147	11 68 75 71
148	34 31 55 21
149	9 71 46 66
150	52 84 5 53
151	79 52 6 17
152	6 74 54 16
153	87 16 59 56
154	6 40 19 17
155	1 5 49 68
156	35 1 55 30
157	1 84 14 76
158	45 38 55 27
159	25 56 71 46
160	49 5 18 51
161	67 49 80 31
162	28 17 92 30
163	67 50 87 47
164	55 23 18 42
165	34 26 47 53
166	52 8 22 15
167	89 4 88 28
168	39 70 37 31
169	31 22 50 32
170	63 88 78 44
171	1 49 59 19
172	64 88 58 19
173	27 80 25 30
174	23 81 39 27
175	40 5 1 54
176	63 32 69 70
177	32 15 81 86
178	55 68 28 44
179	7 52 12 53
180	14 62 27 29
181	47 58 29 37
182	86 42 58 55
183	54 12 83 69
184	7 63 55 17
185	91 7 28 54
186	56 76 30 57
187	4 52 70 17
188	34 61 81 80
189	53 23 10 31
190	36 66 34 4
191	74 69 19 43
192	56 61 20 15
193	7 46 58 2
194	59 10 64 57
195	92 41 64 49
196	57 8 4 83
197	87 33 67 91
198	69 71 24 36
199	62 89 19 67
200	2 81 13 36
201	49 40 91 75
202	79 52 29 32
203	51 88 44 9
204	6 22 45 46
205	41 60 21 23
206	79 23 61 27
207	6 90 30 34
208	75 26 71 84
209	84 12 45 23
210	47 42 28 4
211	92 46 34 51
212	25 85 39 73
213	16 37 36 78
214	45 53 66 83
215	91 79 92 77
216	12 27 80 19
217	8 4 34 52
218	91 85 57 44
219	46 53 88 41
220	44 54 80 63
221	8 16 7 37
222	39 30 2 16
223	24 23 90 85
224	13 73 40 21
225	12 89 87 30
226	91 35 40 66
227	28 65 92 32
228	42 13 81 36
229	33 29 68 87
230	26 33 35 90
231	55 36 1 5
232	73 80 35 88
233	50 92 13 61
234	25 64 30 44
235	7 39 31 83
236	10 80 73 91
237	50 57 87 5
238	38 74 73 39
239	61 42 40 7
240	20 12 27 16
241	14 57 53 51
242	24 12 69 41
243	33 7 53 44
244	56 1 52 72
245	5 16 77 74
246	1 71 44 36
247	72 32 86 34
248	86 67 20 63
249	72 66 8 16
250	71 89 36 72
251	55 62 3 72
252	48 60 72 23
253	81 32 31 25
254	46 35 68 82
255	72 8 40 59
256	49 22 48 7
257	62 50 92 53
258	76 92 7 41
259	50 70 18 88
260	60 67 80 77
261	33 71 16 41
262	33 84 66 45
263	50 25 55 26
264	29 84 17 70
265	22 91 69 7
266	4 48 85 80
267	50 71 87 40
268	8 54 13 35
269	43 7 63 23
270	67 68 34 35
271	64 37 55 2
272	36 57 9 73
273	46 71 30 88
274	8 28 90 49
275	20 32 39 36
276	90 50 91 36
277	11 59 48 9
278	33 36 43 45
279	85 39 46 12
280	65 21 79 77
281	78 2 87 92
282	69 82 1 68
283	8 21 57 87
284	45 9 80 78
285	91 11 85 39
286	36 28 79 23
287	41 3 79 55
288	70 50 80 57
289	64 52 20 9
290	87 44 45 11
291	48 80 45 17
292	47 86 34 85
293	11 78 45 79
294	60 37 12 19
295	86 48 16 74
296	90 11 73 38
297	67 42 14 89
298	37 33 48 4
299	11 14 37 88
300	78 33 48 44
301	17 23 72 86
302	65 40 68 47
303	15 62 33 76
304	89 70 59 13
305	12 19 66 92
306	73 58 25 65
307	81 4 74 60
308	18 44 4 46
309	1 49 12 75
310	1 13 78 67
311	19 5 58 73
312	5 70 46 27
313	54 27 71 72
314	55 37 87 12
315	82 23 8 21
316	92 75 76 23
317	21 68 44 82
318	5 29 56 43
319	49 23 47 36
320	61 63 66 82
321	70 23 71 47
322	81 75 50 66
323	12 5 61 80
324	30 66 85 10
325	52 47 4 77
326	73 19 21 56
327	47 21 56 81
328	71 79 39 34
329	60 9 26 8
330	66 27 45 35
331	70 16 35 82
332	84 68 26 32
333	24 91 36 6
334	54 21 52 69
335	31 51 45 69
336	8 17 24 23
337	79 88 21 74
338	64 43 53 89
339	23 56 55 8
340	7 11 64 45
341	9 43 74 2
342	16 60 31 62
343	33 12 79 56
344	44 72 12 38
345	82 29 49 67
346	78 48 38 68
347	21 74 52 69
348	9 50 80 49
349	79 71 90 24
350	44 60 79 5
351	53 78 32 21
352	24 82 69 45
353	18 5 68 8
354	78 18 52 44
355	59 35 4 36
356	18 60 51 55
357	66 41 19 70
