Students	318
1	83 23 45 9
2	35 61 51 32
3	34 31 65 23
4	47 44 48 88
5	96 14 5 46
6	91 64 92 63
7	11 47 69 55
8	67 73 97 16
9	78 77 22 6
10	65 94 50 15
11	18 67 79 42
12	73 83 92 31
13	67 55 41 8
14	89 54 17 56
15	16 51 4 55
16	64 37 84 22
17	55 25 45 7
18	7 58 12 6
19	61 90 2 43
20	82 51 2 18
21	4 9 98 92
22	15 7 32 90
23	41 2 45 7
24	35 19 15 41
25	16 25 32 57
26	1 66 58 73
27	93 57 65 63
28	59 79 94 96
29	67 60 84 91
30	97 85 55 94
31	14 84 12 87
32	21 75 41 72
33	25 90 53 41
34	84 52 14 42
35	60 43 34 45
36	11 23 69 24
37	54 67 28 7
38	92 39 84 69
39	90 26 6 40
40	88 73 65 28
41	82 44 73 17
42	15 8 82 2
43	25 82 75 39
44	85 39 73 99
45	43 65 66 42
46	79 49 64 94
47	25 56 57 90
48	19 17 73 88
49	45 19 76 64
50	31 29 38 58
51	95 27 87 55
52	85 84 10 73
53	17 75 3 41
54	16 33 59 83
55	77 5 98 15
56	77 13 87 28
57	51 83 3 10
58	94 76 86 25
59	13 36 72 31
60	50 6 17 79
61	33 42 59 2
62	100 96 73 50
63	91 26 3 42
64	66 27 14 15
65	97 67 55 22
66	28 39 42 25
67	44 66 24 47
68	33 48 7 2
69	53 91 82 68
70	53 29 86 73
71	91 39 86 84
72	34 50 14 55
73	30 48 79 19
74	66 31 11 45
75	24 99 60 36
76	36 52 31 98
77	46 21 97 8
78	59 9 49 64
79	5 96 66 8
80	95 21 75 8
81	83 1 73 40
82	71 55 4 96
83	83 68 82 65
84	5 12 68 27
85	94 51 28 70
86	65 77 1 93
87	87 81 11 47
88	82 37 72 2
89	93 34 66 21
90	82 39 43 91
91	29 22 25 84
92	80 37 95 78
93	1 32 97 98
94	60 96 29 51
95	3 16 70 2
96	27 30 91 64
97	42 11 60 67
98	96 12 91 54
99	66 50 98 62
100	91 82 87 23
101	26 68 41 25
102	66 71 78 91
103	45 75 69 3
104	95 58 3 25
105	96 98 60 41
106	1 87 97 80
107	9 27 68 22
108	57 63 64 16
109	51 55 70 68
110	73 28 13 2
111	58 22 31 12
112	48 2 22 57
113	8 32 14 90
114	53 65 95 25
115	48 71 72 19
116	38 23 98 24
117	47 5 95 34
118	9 76 89 71
119	19 48 51 82
120	56 55 47 19
121	97 18 6 91
122	11 34 78 21
123	59 85 35 26
124	21 19 14 34
125	3 81 62 72
126	65 88 59 28
127	45 28 55 70
128	15 59 22 8
129	70 47 50 11
130	77 66 1 48
131	11 6 33 61
132	36 98 83 50
133	67 56 17 44
134	16 40 28 97
135	75 65 94 14
136	50 47 16 78
137	42 35 40 46
138	75 70 93 16
139	25 84 65 93
140	76 3 30 43
141	4 77 11 93
142	29 26 98 12
143	82 13 30 69
144	8 16 74 78
145	23 9 22 73
146	51 56 52 65
147	70 56 17 39
148	13 86 38 63
149	18 16 69 11
150	77 25 19 2
151	35 49 29 26
152	27 18 61 10
153	75 93 45 8
154	61 95 82 17
155	4 23 42 70
156	11 46 95 52
157	38 17 84 66
158	17 55 87 60
159	59 74 91 92
160	98 58 85 72
161	58 81 51 2
162	53 44 72 85
163	40 39 15 23
164	72 5 39 3
165	97 56 74 33
166	31 8 32 2
167	29 7 46 67
168	25 70 81 80
169	96 59 99 86
170	68 86 23 84
171	35 22 59 31
172	53 37 16 81
173	73 21 49 62
174	2 97 53 6
175	57 64 33 28
176	10 79 90 21
177	90 54 40 19
178	28 12 34 48
179	44 28 36 16
180	82 92 43 78
181	92 31 62 45
182	82 91 46 18
183	64 10 25 50
184	11 52 78 3
185	17 12 1 24
186	30 92 94 90
187	90 71 6 55
188	17 43 40 59
189	79 33 94 75
190	15 100 24 7
191	90 96 68 100
192	96 44 53 95
193	17 52 7 30
194	1 61 83 37
195	44 16 22 76
196	51 70 65 37
197	61 85 28 63
198	62 66 46 54
199	3 54 25 58
200	64 71 30 16
201	76 33 13 79
202	58 33 32 61
203	76 37 13 36
204	26 45 8 92
205	52 7 86 68
206	17 14 44 56
207	49 12 67 25
208	48 61 26 33
209	53 20 77 27
210	43 98 65 29
211	79 33 24 82
212	32 65 10 82
213	90 20 15 53
214	83 21 96 46
215	50 84 27 12
216	52 80 17 15
217	16 70 84 46
218	28 33 7 27
219	7 2 92 87
220	87 37 84 33
221	35 70 79 81
222	7 27 14 80
223	86 96 59 38
224	78 16 74 81
225	27 9 82 25
226	85 1 46 42
227	4 32 71 63
228	58 92 44 95
229	58 72 67 33
230	81 11 67 66
231	28 12 8 39
232	25 87 82 18
233	83 58 9 24
234	53 20 93 2
235	16 75 31 29
236	98 38 13 81
237	54 47 70 51
238	6 21 12 3
239	70 7 82 45
240	94 69 20 36
241	27 12 17 8
242	64 11 68 99
243	33 24 50 72
244	11 80 2 34
245	86 25 36 61
246	90 40 99 67
247	99 51 62 28
248	75 88 87 13
249	22 26 59 23
250	94 73 30 77
251	17 84 52 23
252	64 75 83 30
253	7 4 71 59
254	33 73 30 32
255	18 37 71 47
256	35 26 80 82
257	52 43 66 17
258	70 45 54 20
259	76 60 5 12
260	43 60 1 67
261	75 61 71 16
262	72 46 75 86
263	94 39 72 59
264	56 18 49 2
265	48 71 63 20
266	15 7 91 68
267	100 43 64 95
268	10 7 84 41
269	96 75 25 41
270	63 47 51 67
271	26 24 16 29
272	27 30 42 65
273	8 26 45 40
274	6 94 53 77
275	21 16 45 37
276	15 34 2 65
277	86 100 76 67
278	14 1 99 19
279	49 31 23 82
280	9 8 32 25
281	36 71 42 5
282	41 45 22 36
283	91 36 5 19
284	16 93 100 88
285	35 84 54 71
286	9 21 37 55
287	33 56 100 39
288	67 79 96 50
289	98 51 81 17
290	85 40 50 1
291	91 32 25 12
292	81 69 65 30
293	99 31 46 85
294	56 50 7 63
295	71 67 72 6
296	49 41 43 16
297	67 91 3 65
298	24 67 63 55
299	4 60 31 55
300	54 17 52 67
301	89 71 77 61
302	24 64 62 28
303	49 18 82 83
304	25 8 24 95
305	81 30 89 38
306	76 69 59 43
307	95 20 60 87
308	60 69 20 44
309	67 18 19 38
310	21 8 12 33
311	98 31 99 96
312	51 57 22 7
313	28 96 11 49
314	66 67 16 5
315	92 87 48 38
316	73 60 57 50
317	4 57 68 90
318	38 51 41 9
