Students	1307
1	6 67 56 62
2	50 62 4 16
3	24 15 1 42
4	25 44 41 14
5	38 1 8 28
6	29 30 46 13
7	27 21 48 26
8	47 12 42 43
9	21 30 46 39
10	50 8 17 25
11	55 46 59 21
12	11 48 53 49
13	56 25 12 54
14	20 28 25 57
15	60 1 57 12
16	51 18 16 1
17	6 31 57 7
18	48 30 46 28
19	58 1 49 12
20	4 19 21 53
21	21 29 2 47
22	10 15 60 23
23	60 49 56 14
24	1 66 56 32
25	66 56 30 64
26	35 42 10 1
27	20 53 59 54
28	6 7 8 12
29	46 25 60 6
30	4 33 23 18
31	50 15 37 19
32	41 61 11 4
33	14 27 42 6
34	43 13 45 64
35	8 49 40 37
36	36 2 29 61
37	68 51 22 23
38	38 37 5 52
39	51 28 42 26
40	46 4 37 51
41	52 4 21 62
42	46 23 29 36
43	23 17 61 38
44	32 2 12 29
45	67 55 49 10
46	30 66 61 51
47	58 46 40 12
48	31 9 17 14
49	17 67 13 5
50	42 63 41 62
51	3 21 10 46
52	57 60 47 18
53	13 31 2 26
54	33 13 64 11
55	1 28 57 6
56	68 56 30 64
57	15 34 8 5
58	46 61 56 23
59	33 19 45 17
60	50 30 37 16
61	32 57 41 37
62	45 3 35 12
63	22 37 14 19
64	17 45 63 35
65	31 60 3 4
66	22 23 59 14
67	10 64 68 55
68	11 65 42 58
69	35 43 55 33
70	51 32 33 23
71	33 14 63 52
72	66 16 7 33
73	51 42 58 60
74	20 66 27 61
75	53 55 44 56
76	4 66 50 22
77	62 8 57 19
78	20 57 63 56
79	63 43 33 14
80	27 33 52 8
81	11 58 12 36
82	68 13 9 3
83	43 64 25 55
84	26 40 57 7
85	46 34 5 62
86	21 23 1 10
87	62 26 6 34
88	34 17 11 46
89	47 48 45 2
90	1 20 47 16
91	64 28 57 27
92	58 43 21 6
93	12 7 1 57
94	63 36 48 60
95	57 45 20 9
96	9 18 42 2
97	46 1 3 39
98	23 62 59 10
99	53 66 22 47
100	33 2 50 55
101	18 1 42 25
102	68 8 10 55
103	46 7 9 61
104	37 26 68 41
105	24 6 13 53
106	32 45 28 37
107	21 68 3 20
108	40 8 33 13
109	10 47 26 3
110	29 1 60 25
111	11 61 28 7
112	23 8 40 64
113	11 32 10 43
114	64 11 33 40
115	20 25 26 12
116	35 60 30 36
117	46 25 23 51
118	50 37 60 28
119	7 38 12 66
120	12 1 49 66
121	45 57 33 3
122	67 32 20 23
123	25 9 27 3
124	64 28 50 59
125	33 21 19 9
126	17 68 62 15
127	41 11 40 4
128	16 42 2 4
129	20 7 21 31
130	41 48 2 50
131	53 43 7 58
132	7 8 46 24
133	25 23 16 41
134	14 20 68 1
135	27 55 2 6
136	40 35 51 2
137	39 3 65 63
138	52 42 55 62
139	38 64 2 33
140	49 10 34 15
141	56 45 14 27
142	66 15 49 62
143	15 21 29 68
144	18 52 53 1
145	10 2 34 7
146	27 30 33 58
147	12 4 43 42
148	24 67 1 28
149	10 12 18 40
150	37 68 28 21
151	57 34 48 50
152	30 34 9 27
153	21 8 15 33
154	2 5 56 59
155	2 30 44 5
156	7 18 14 52
157	27 63 33 11
158	18 31 61 68
159	23 46 57 44
160	48 7 42 52
161	66 37 20 22
162	4 9 34 64
163	8 29 51 16
164	61 43 8 38
165	26 31 12 59
166	1 32 62 27
167	62 50 44 25
168	39 26 65 67
169	22 57 61 30
170	42 62 29 68
171	59 65 7 43
172	54 30 63 22
173	32 60 42 18
174	26 42 4 3
175	36 50 35 9
176	32 4 18 53
177	48 51 1 38
178	37 52 6 46
179	3 21 61 4
180	17 3 28 12
181	14 55 30 23
182	6 20 1 56
183	46 57 42 58
184	45 59 19 67
185	19 35 13 3
186	15 13 4 16
187	58 47 30 61
188	33 26 49 64
189	33 36 29 1
190	20 32 54 50
191	3 37 50 66
192	50 30 3 55
193	66 68 22 33
194	13 36 9 65
195	42 63 29 24
196	16 27 63 42
197	30 14 58 18
198	12 57 61 28
199	31 33 68 52
200	35 45 4 28
201	7 68 56 20
202	63 67 43 15
203	10 33 14 3
204	14 40 66 51
205	35 46 27 23
206	60 26 38 53
207	32 31 20 15
208	37 34 9 31
209	32 17 18 33
210	25 44 27 6
211	19 61 9 14
212	3 4 32 59
213	59 48 50 15
214	66 17 15 49
215	51 48 24 1
216	49 36 29 13
217	66 5 49 11
218	6 31 61 23
219	12 35 11 14
220	65 37 29 66
221	67 37 8 58
222	55 28 32 29
223	17 48 9 6
224	59 6 28 57
225	57 15 67 62
226	9 53 19 30
227	27 6 36 28
228	4 7 13 63
229	11 15 2 24
230	44 33 31 47
231	5 49 28 67
232	10 38 9 68
233	56 29 61 39
234	42 15 59 57
235	59 40 66 18
236	57 63 31 64
237	9 61 53 47
238	24 26 8 2
239	53 26 41 19
240	21 46 6 38
241	13 48 27 49
242	2 24 48 65
243	46 19 38 25
244	29 53 9 35
245	60 27 17 51
246	36 53 32 10
247	38 57 42 27
248	17 32 42 9
249	7 17 24 13
250	56 43 55 12
251	9 16 32 52
252	36 35 33 55
253	55 63 47 21
254	47 6 24 65
255	38 32 11 24
256	26 54 28 23
257	45 11 20 6
258	12 23 50 61
259	53 3 49 1
260	27 8 36 18
261	36 56 4 30
262	45 32 10 47
263	1 63 14 15
264	41 22 6 49
265	49 48 1 65
266	34 51 31 10
267	12 50 31 1
268	34 57 41 59
269	39 63 61 37
270	54 62 49 12
271	34 19 27 25
272	26 8 53 6
273	46 66 25 14
274	4 2 32 50
275	55 17 6 39
276	67 41 38 52
277	36 51 47 7
278	7 14 58 20
279	32 6 36 38
280	27 38 2 33
281	61 38 56 15
282	35 10 53 8
283	49 2 51 43
284	10 8 37 38
285	3 17 41 63
286	62 40 23 59
287	44 68 17 21
288	21 10 64 58
289	10 38 4 68
290	5 4 56 35
291	60 5 44 8
292	28 27 55 63
293	31 16 40 8
294	46 8 32 7
295	57 60 7 56
296	25 35 61 23
297	46 24 60 34
298	23 15 33 1
299	65 7 64 2
300	28 1 65 56
301	21 65 57 6
302	65 28 13 2
303	45 43 2 3
304	36 17 11 6
305	30 50 4 47
306	16 60 38 42
307	39 37 8 18
308	27 31 6 38
309	18 11 1 68
310	25 11 61 38
311	16 4 15 5
312	1 34 35 7
313	36 32 46 41
314	62 37 60 66
315	40 46 36 45
316	5 26 1 47
317	4 47 58 42
318	55 23 6 52
319	57 30 3 66
320	67 5 52 51
321	1 39 2 38
322	18 49 22 55
323	8 50 65 66
324	38 3 36 11
325	55 62 47 2
326	6 65 36 18
327	4 67 14 6
328	49 58 46 29
329	53 32 35 34
330	10 7 48 28
331	51 46 8 24
332	17 38 10 14
333	19 54 60 10
334	31 8 29 13
335	20 58 60 68
336	18 30 60 36
337	9 66 14 67
338	11 10 67 8
339	59 68 52 7
340	37 39 31 10
341	15 6 34 42
342	8 21 31 48
343	63 28 19 33
344	15 3 59 62
345	46 50 40 13
346	62 46 9 59
347	51 6 60 68
348	3 15 25 26
349	13 17 63 26
350	34 49 15 51
351	10 14 34 49
352	48 3 39 59
353	41 66 12 1
354	47 67 4 48
355	55 41 53 35
356	26 8 66 23
357	30 59 41 60
358	49 41 26 60
359	6 19 15 58
360	50 44 47 37
361	39 41 22 10
362	3 50 13 54
363	43 30 61 25
364	43 66 26 48
365	47 49 17 24
366	44 40 32 45
367	33 24 67 35
368	8 2 44 59
369	44 5 68 43
370	34 55 50 3
371	50 27 26 12
372	34 60 10 35
373	8 32 5 54
374	4 60 25 58
375	64 37 8 62
376	41 44 30 52
377	18 31 16 68
378	54 39 20 59
379	13 52 19 4
380	61 47 57 10
381	20 57 66 15
382	41 60 50 47
383	44 14 26 3
384	21 63 33 38
385	4 40 33 2
386	50 10 68 39
387	2 60 30 47
388	46 35 51 39
389	45 41 56 51
390	32 13 49 62
391	60 29 47 68
392	6 35 12 11
393	8 26 51 64
394	47 44 13 56
395	30 6 61 27
396	61 24 9 40
397	30 5 40 33
398	2 45 63 27
399	40 59 39 3
400	54 52 56 32
401	66 33 29 37
402	5 25 44 47
403	17 3 62 27
404	19 22 3 51
405	37 49 13 28
406	42 40 66 26
407	61 60 47 55
408	28 40 30 55
409	56 1 10 60
410	15 24 9 11
411	32 21 16 43
412	4 54 59 14
413	63 29 57 14
414	36 28 2 62
415	36 33 9 26
416	63 58 60 46
417	53 48 61 2
418	44 12 33 49
419	16 11 27 4
420	32 52 55 31
421	36 37 40 20
422	50 60 56 64
423	15 12 66 28
424	44 61 35 63
425	20 9 59 30
426	1 40 64 68
427	61 49 6 42
428	40 21 1 27
429	48 18 43 42
430	46 34 54 40
431	37 55 38 64
432	44 34 24 52
433	6 46 21 26
434	13 44 41 30
435	52 59 6 41
436	52 23 20 6
437	22 50 8 52
438	37 12 64 29
439	37 28 18 26
440	66 19 39 55
441	24 15 67 45
442	30 62 29 3
443	33 68 23 1
444	57 37 18 4
445	23 4 40 48
446	21 36 14 44
447	36 42 68 9
448	18 22 13 1
449	51 34 68 28
450	7 36 26 35
451	16 17 34 68
452	48 52 12 6
453	25 56 52 46
454	19 39 60 23
455	54 40 18 68
456	33 26 23 49
457	31 1 11 58
458	48 47 51 41
459	5 23 39 37
460	43 42 11 30
461	26 15 16 25
462	10 29 7 41
463	24 39 58 30
464	65 44 62 16
465	4 25 53 10
466	28 8 40 55
467	31 19 52 9
468	20 37 36 2
469	55 43 23 2
470	1 7 45 43
471	59 31 16 23
472	61 6 10 34
473	14 46 32 29
474	9 54 62 12
475	47 16 45 32
476	31 26 59 35
477	68 26 42 50
478	17 67 40 58
479	24 5 20 18
480	50 68 58 41
481	57 1 51 58
482	11 51 56 45
483	33 10 53 63
484	37 3 38 30
485	32 1 66 54
486	15 11 43 16
487	41 33 5 17
488	57 41 1 62
489	42 61 15 11
490	54 24 20 7
491	52 9 5 38
492	48 42 13 52
493	39 28 50 34
494	6 48 31 2
495	57 31 5 51
496	6 66 59 53
497	4 52 13 25
498	50 63 61 65
499	32 59 8 40
500	68 57 35 36
501	12 7 11 67
502	41 6 9 28
503	46 23 21 20
504	31 22 64 36
505	61 30 22 19
506	24 19 6 47
507	15 27 66 59
508	24 26 14 57
509	12 44 43 53
510	33 48 8 64
511	28 62 19 63
512	44 30 65 48
513	19 61 2 67
514	33 49 2 65
515	16 30 38 24
516	4 61 17 27
517	44 22 33 51
518	47 61 59 12
519	32 51 56 36
520	31 19 3 21
521	11 9 13 37
522	20 53 3 48
523	68 67 45 3
524	30 20 31 42
525	11 13 34 2
526	12 13 26 57
527	15 12 4 68
528	24 49 40 16
529	51 8 34 2
530	48 63 32 52
531	11 1 26 14
532	7 42 10 13
533	52 34 61 8
534	25 37 15 2
535	11 20 55 10
536	68 21 2 51
537	20 44 4 11
538	37 25 33 6
539	58 36 49 16
540	31 41 17 1
541	7 28 2 32
542	22 56 37 25
543	1 32 61 28
544	38 48 68 66
545	6 48 7 54
546	67 49 18 61
547	53 66 44 37
548	17 43 58 8
549	43 25 11 46
550	39 57 29 58
551	63 59 61 3
552	34 62 37 24
553	8 44 65 53
554	41 40 51 39
555	20 18 10 15
556	40 31 14 41
557	12 37 55 6
558	32 30 54 67
559	51 3 11 38
560	11 3 8 33
561	59 23 41 3
562	29 33 54 5
563	50 61 16 3
564	4 12 66 31
565	19 41 44 7
566	47 36 33 5
567	45 15 25 44
568	64 14 13 30
569	53 57 25 27
570	38 41 19 7
571	41 45 11 55
572	44 47 27 19
573	1 41 33 19
574	3 52 48 67
575	56 36 6 50
576	55 50 68 64
577	36 14 31 50
578	30 16 5 29
579	26 40 29 59
580	25 23 15 33
581	28 30 4 47
582	27 64 21 9
583	7 56 21 11
584	29 68 51 8
585	23 64 60 6
586	60 2 42 59
587	50 7 16 28
588	27 34 1 53
589	3 32 16 12
590	7 17 51 28
591	13 44 11 5
592	13 19 40 51
593	6 3 44 11
594	25 12 65 46
595	68 6 9 12
596	62 22 23 35
597	27 38 60 42
598	28 39 51 56
599	34 8 52 12
600	23 13 64 4
601	47 27 60 45
602	35 17 60 32
603	20 17 2 42
604	48 18 17 63
605	26 36 28 66
606	48 16 4 26
607	55 45 33 65
608	67 39 12 1
609	67 45 10 19
610	8 17 24 32
611	51 27 5 50
612	46 30 25 33
613	2 51 30 54
614	20 59 47 30
615	41 66 68 4
616	52 29 34 45
617	48 68 31 18
618	58 66 26 29
619	14 55 11 68
620	67 47 11 50
621	50 45 36 48
622	9 13 32 40
623	9 22 56 57
624	2 15 56 22
625	12 58 46 21
626	67 6 21 34
627	64 62 16 22
628	28 9 17 14
629	43 45 33 37
630	45 41 11 21
631	12 15 1 42
632	3 60 2 4
633	50 11 13 28
634	48 16 4 60
635	4 55 22 27
636	43 59 58 44
637	3 2 37 64
638	19 29 52 49
639	9 55 52 53
640	2 52 8 4
641	32 64 29 63
642	21 49 22 2
643	47 31 37 32
644	55 65 37 54
645	21 22 55 42
646	59 40 53 23
647	65 44 32 67
648	47 37 45 36
649	52 21 23 3
650	29 67 4 23
651	23 31 7 25
652	55 64 5 23
653	11 23 53 5
654	63 39 65 46
655	18 12 66 45
656	66 32 19 45
657	27 63 30 14
658	63 39 42 58
659	21 17 11 32
660	51 28 48 37
661	28 14 23 63
662	60 45 64 15
663	67 29 65 30
664	7 67 15 50
665	4 67 1 33
666	33 44 58 10
667	27 67 16 65
668	53 7 5 31
669	55 9 58 2
670	56 40 9 10
671	7 45 43 46
672	59 62 18 41
673	58 42 30 66
674	28 1 26 37
675	63 7 50 58
676	63 56 16 64
677	62 44 54 27
678	53 23 67 4
679	66 68 39 46
680	41 21 52 3
681	33 41 63 1
682	5 7 12 11
683	5 20 42 36
684	17 7 68 15
685	42 53 26 37
686	6 15 8 57
687	26 16 30 63
688	58 57 34 52
689	56 64 44 10
690	60 24 20 10
691	30 50 17 44
692	9 41 45 15
693	29 59 31 26
694	53 22 52 61
695	61 57 29 44
696	32 23 15 48
697	36 24 15 26
698	10 46 24 43
699	33 65 2 43
700	50 2 9 26
701	40 31 37 10
702	28 14 5 11
703	37 6 35 18
704	13 68 50 29
705	50 22 7 3
706	12 30 23 54
707	30 57 28 50
708	1 30 16 61
709	62 58 50 64
710	38 49 47 13
711	19 64 41 33
712	29 46 48 21
713	11 56 10 42
714	30 21 14 35
715	61 56 18 57
716	22 3 59 8
717	54 32 24 51
718	40 26 64 56
719	52 60 35 29
720	38 65 60 44
721	44 23 16 43
722	13 44 56 41
723	3 63 54 56
724	27 19 18 23
725	19 36 10 68
726	15 56 21 30
727	38 68 3 48
728	19 3 39 48
729	47 31 68 46
730	12 6 38 35
731	65 63 7 3
732	11 37 55 49
733	12 14 4 44
734	58 8 41 46
735	23 31 42 26
736	51 50 11 32
737	45 67 61 29
738	18 39 61 36
739	28 6 14 2
740	9 51 65 19
741	23 14 66 25
742	4 35 59 3
743	25 50 41 57
744	10 56 58 29
745	54 16 5 44
746	43 44 30 13
747	10 54 39 25
748	63 10 52 25
749	23 29 42 48
750	39 34 58 65
751	35 39 67 19
752	6 13 45 39
753	51 42 12 36
754	31 65 19 9
755	3 26 57 30
756	61 10 24 59
757	52 51 21 29
758	53 19 22 16
759	16 63 37 52
760	41 52 39 4
761	56 39 18 22
762	45 4 62 39
763	21 30 27 60
764	19 7 14 34
765	34 37 21 13
766	1 11 8 15
767	17 51 43 23
768	24 19 58 60
769	24 55 46 48
770	48 43 46 10
771	31 43 66 22
772	37 55 56 2
773	44 36 52 42
774	34 49 12 25
775	28 29 58 63
776	21 65 68 50
777	38 28 63 10
778	7 3 23 47
779	3 36 32 48
780	42 53 32 18
781	19 60 22 54
782	54 23 68 35
783	55 45 19 21
784	55 66 61 57
785	29 19 32 5
786	51 7 41 25
787	27 7 25 10
788	44 15 39 19
789	20 55 3 60
790	26 45 36 59
791	55 19 5 41
792	3 14 54 35
793	58 11 62 67
794	46 35 13 49
795	37 26 40 62
796	36 27 12 54
797	48 52 46 59
798	1 36 68 65
799	25 23 15 21
800	9 2 5 31
801	53 22 60 61
802	32 28 18 48
803	3 37 62 47
804	4 62 48 7
805	57 36 30 35
806	13 26 28 34
807	41 30 23 38
808	59 51 35 17
809	49 8 43 12
810	37 11 53 22
811	15 39 64 26
812	68 1 23 41
813	28 31 32 36
814	12 16 61 57
815	9 62 24 25
816	23 22 25 32
817	67 55 26 59
818	4 39 1 19
819	20 19 13 41
820	54 10 56 39
821	58 45 6 44
822	17 26 28 12
823	1 3 64 66
824	12 1 3 6
825	40 31 18 25
826	34 26 54 22
827	68 19 36 55
828	62 49 11 64
829	23 16 46 59
830	5 65 57 48
831	46 25 3 60
832	41 18 21 25
833	54 47 19 28
834	65 58 23 42
835	59 6 42 60
836	68 66 55 34
837	20 46 3 30
838	36 16 33 66
839	64 32 14 30
840	31 11 65 21
841	33 57 21 23
842	52 5 44 11
843	37 63 8 62
844	42 52 44 67
845	38 41 31 50
846	66 55 11 14
847	57 46 31 23
848	19 38 5 40
849	63 7 54 3
850	42 26 22 28
851	50 47 40 44
852	47 29 10 15
853	43 2 56 60
854	43 42 33 3
855	51 1 23 43
856	45 7 5 9
857	47 1 30 32
858	46 61 24 52
859	30 23 4 19
860	9 14 4 1
861	49 2 38 4
862	66 15 16 20
863	66 12 2 1
864	7 10 15 48
865	27 29 63 13
866	38 22 9 3
867	34 27 46 40
868	16 68 15 20
869	5 9 27 42
870	35 15 63 68
871	2 22 21 49
872	5 52 7 42
873	12 1 67 53
874	6 65 50 49
875	55 14 35 36
876	68 13 46 65
877	28 59 3 34
878	29 22 38 47
879	9 32 23 57
880	42 57 13 34
881	38 33 60 28
882	12 65 43 48
883	38 31 14 57
884	7 64 20 44
885	12 50 9 31
886	68 61 34 8
887	39 34 24 25
888	64 11 46 56
889	8 56 5 26
890	26 50 66 37
891	21 28 8 66
892	30 61 1 46
893	17 33 37 12
894	6 34 2 45
895	48 54 52 35
896	32 36 31 1
897	6 44 41 28
898	16 32 36 2
899	50 17 10 51
900	21 12 59 51
901	40 67 2 20
902	47 49 16 44
903	4 34 23 18
904	14 25 63 11
905	13 27 35 28
906	43 36 16 46
907	33 27 22 20
908	7 54 56 62
909	44 16 38 43
910	54 61 32 62
911	10 63 17 36
912	64 40 22 11
913	7 63 57 2
914	19 48 5 34
915	28 49 18 63
916	49 65 48 31
917	26 53 39 37
918	68 2 11 9
919	23 16 38 49
920	20 56 47 51
921	16 43 67 44
922	1 51 53 66
923	38 41 14 45
924	2 58 3 26
925	19 39 63 17
926	44 68 48 67
927	62 66 3 53
928	11 40 18 22
929	22 63 60 7
930	8 32 36 19
931	7 31 4 2
932	39 38 33 68
933	55 32 62 23
934	65 28 34 59
935	13 32 19 20
936	31 57 62 23
937	51 25 59 9
938	49 46 36 62
939	3 18 2 36
940	46 26 40 59
941	22 30 12 50
942	25 30 52 63
943	57 58 14 44
944	55 31 10 40
945	30 47 66 20
946	8 32 12 22
947	59 10 50 9
948	44 15 29 4
949	58 40 22 5
950	62 45 51 9
951	35 28 59 15
952	12 19 37 24
953	33 18 51 67
954	12 50 64 51
955	25 10 15 40
956	41 13 31 23
957	37 55 13 64
958	59 9 26 27
959	64 46 50 18
960	51 20 13 21
961	35 53 61 9
962	57 41 11 1
963	52 65 19 11
964	58 5 48 1
965	56 14 37 38
966	18 14 65 64
967	23 7 63 3
968	33 44 60 20
969	60 56 25 23
970	56 50 44 24
971	68 5 18 63
972	64 24 16 55
973	60 21 55 33
974	62 53 25 8
975	62 8 67 21
976	44 47 54 46
977	32 25 2 38
978	25 45 14 60
979	68 3 64 42
980	11 51 23 54
981	19 52 24 62
982	19 60 9 48
983	10 54 11 34
984	1 46 10 34
985	23 61 35 57
986	58 38 28 8
987	45 13 4 60
988	49 44 34 64
989	36 25 63 57
990	68 1 66 11
991	25 65 20 41
992	4 20 43 19
993	42 15 19 5
994	4 35 25 39
995	22 31 24 5
996	4 41 44 61
997	25 32 55 44
998	19 21 24 9
999	67 43 47 8
1000	5 50 30 52
1001	38 16 19 21
1002	8 1 33 21
1003	65 34 3 36
1004	11 62 25 59
1005	55 53 1 14
1006	46 64 33 5
1007	34 62 38 9
1008	8 29 49 25
1009	55 37 39 22
1010	62 23 20 46
1011	43 41 33 12
1012	59 31 61 42
1013	12 19 57 42
1014	12 29 31 14
1015	25 41 51 49
1016	25 3 18 34
1017	56 40 39 53
1018	34 67 25 29
1019	50 16 35 11
1020	48 9 31 55
1021	22 3 17 45
1022	25 1 58 24
1023	53 32 9 61
1024	67 10 22 48
1025	22 36 14 28
1026	6 52 54 60
1027	67 68 32 4
1028	58 15 23 9
1029	2 19 35 55
1030	36 62 19 3
1031	58 15 33 48
1032	16 60 7 18
1033	64 47 36 6
1034	31 15 62 47
1035	29 67 55 12
1036	51 24 41 8
1037	46 39 58 54
1038	61 8 43 32
1039	22 53 68 46
1040	10 54 31 15
1041	4 1 51 23
1042	65 23 14 25
1043	64 35 16 21
1044	59 54 34 5
1045	27 11 34 13
1046	33 68 2 20
1047	55 32 36 40
1048	22 68 53 10
1049	29 65 4 51
1050	34 38 67 9
1051	13 44 45 52
1052	25 68 20 55
1053	9 21 12 58
1054	33 22 35 63
1055	15 36 24 16
1056	42 12 17 54
1057	36 54 49 3
1058	21 8 52 22
1059	7 11 14 38
1060	39 16 10 4
1061	55 4 5 42
1062	2 20 10 5
1063	54 34 41 56
1064	55 41 62 3
1065	20 31 5 51
1066	59 44 24 4
1067	54 28 61 52
1068	14 29 25 4
1069	22 52 31 38
1070	67 38 26 20
1071	62 49 33 32
1072	17 47 65 46
1073	58 32 15 16
1074	23 47 8 6
1075	9 47 8 4
1076	10 59 6 16
1077	42 46 11 20
1078	9 31 39 20
1079	57 27 10 54
1080	39 14 20 67
1081	9 8 4 30
1082	5 45 13 7
1083	60 33 16 62
1084	15 67 63 1
1085	57 66 39 7
1086	3 64 4 27
1087	14 5 45 7
1088	62 32 13 39
1089	22 39 47 7
1090	58 55 32 35
1091	8 14 12 44
1092	58 16 42 17
1093	31 54 12 27
1094	27 61 8 45
1095	16 20 19 64
1096	18 21 59 57
1097	56 48 30 27
1098	28 51 54 52
1099	4 63 30 56
1100	50 51 48 32
1101	6 43 31 63
1102	8 54 36 41
1103	10 12 6 14
1104	50 52 12 3
1105	17 54 40 30
1106	24 23 29 9
1107	19 21 12 47
1108	5 35 66 62
1109	34 26 10 25
1110	18 52 16 20
1111	3 58 60 1
1112	8 43 2 7
1113	27 7 36 66
1114	4 11 38 31
1115	59 43 46 12
1116	37 36 3 5
1117	42 10 12 66
1118	40 68 63 5
1119	60 27 54 55
1120	17 20 27 29
1121	1 59 62 17
1122	47 45 57 13
1123	22 47 24 52
1124	38 40 14 22
1125	57 1 27 8
1126	39 6 3 46
1127	47 40 49 3
1128	59 16 11 32
1129	37 57 15 44
1130	42 52 9 67
1131	15 17 52 33
1132	34 17 35 47
1133	51 48 57 23
1134	2 32 37 30
1135	48 68 13 65
1136	68 5 66 7
1137	66 8 24 4
1138	14 9 45 6
1139	31 10 62 63
1140	9 62 41 18
1141	16 12 2 26
1142	28 48 67 43
1143	41 40 54 24
1144	7 43 18 40
1145	2 22 4 7
1146	62 54 30 41
1147	67 17 46 36
1148	5 14 65 51
1149	24 60 32 43
1150	20 21 14 54
1151	45 12 15 61
1152	57 67 54 32
1153	8 34 24 66
1154	25 67 2 30
1155	46 4 19 60
1156	16 21 31 18
1157	16 65 33 47
1158	47 59 30 3
1159	24 66 45 40
1160	14 26 55 5
1161	59 56 62 15
1162	59 57 49 36
1163	60 9 4 54
1164	47 45 53 16
1165	38 51 21 37
1166	51 14 30 9
1167	20 35 63 36
1168	30 24 64 51
1169	30 23 66 1
1170	50 52 68 53
1171	48 33 45 53
1172	42 34 35 28
1173	34 60 36 56
1174	7 56 18 57
1175	63 32 40 65
1176	67 23 38 46
1177	6 39 55 43
1178	22 23 61 56
1179	23 44 31 53
1180	59 13 50 27
1181	52 33 62 35
1182	45 68 50 2
1183	34 10 11 65
1184	47 17 28 11
1185	56 52 38 22
1186	33 63 29 8
1187	4 53 5 59
1188	34 27 53 35
1189	35 25 66 31
1190	29 11 4 55
1191	30 55 63 19
1192	67 10 4 55
1193	40 28 61 66
1194	17 52 55 57
1195	8 66 13 10
1196	61 44 50 25
1197	14 51 33 7
1198	61 4 2 12
1199	25 41 59 39
1200	25 30 45 62
1201	22 20 64 39
1202	31 16 2 46
1203	5 63 49 1
1204	9 27 16 44
1205	29 44 35 3
1206	22 4 65 39
1207	31 20 23 42
1208	18 52 35 9
1209	31 65 45 20
1210	15 48 49 39
1211	45 14 11 9
1212	27 14 34 19
1213	48 32 47 63
1214	57 50 59 30
1215	2 13 57 46
1216	31 40 11 2
1217	62 46 63 67
1218	62 19 13 29
1219	68 45 4 24
1220	24 43 46 38
1221	26 3 16 2
1222	68 28 52 29
1223	9 7 33 64
1224	50 24 63 65
1225	27 31 25 63
1226	3 17 55 20
1227	9 35 24 49
1228	25 61 57 21
1229	9 2 37 54
1230	29 4 15 37
1231	4 1 18 26
1232	10 54 34 19
1233	14 23 8 66
1234	57 55 14 32
1235	10 53 40 27
1236	63 22 46 16
1237	32 33 18 29
1238	28 33 51 5
1239	25 20 44 14
1240	66 41 31 55
1241	43 59 67 37
1242	7 15 62 28
1243	65 68 15 58
1244	23 4 39 2
1245	26 19 8 22
1246	65 48 21 60
1247	58 39 16 66
1248	48 10 18 63
1249	59 27 4 13
1250	61 45 26 9
1251	42 64 68 7
1252	24 59 46 48
1253	37 41 22 35
1254	61 36 10 43
1255	66 54 6 9
1256	9 57 31 10
1257	58 66 16 22
1258	37 3 59 17
1259	9 65 49 60
1260	35 2 66 56
1261	3 34 38 59
1262	28 59 41 54
1263	45 49 47 27
1264	12 35 31 51
1265	20 6 62 34
1266	30 52 45 20
1267	19 35 3 45
1268	8 7 20 18
1269	33 55 54 34
1270	46 50 4 19
1271	16 5 6 53
1272	68 19 42 43
1273	6 63 15 27
1274	28 2 22 18
1275	64 24 63 5
1276	62 50 34 19
1277	24 9 45 5
1278	19 54 51 53
1279	36 1 19 8
1280	49 18 65 29
1281	50 45 1 59
1282	32 17 30 1
1283	37 21 26 7
1284	2 51 14 19
1285	48 53 22 39
1286	25 21 34 2
1287	31 58 28 66
1288	65 52 11 13
1289	64 44 37 45
1290	52 21 10 62
1291	56 19 6 22
1292	4 38 29 26
1293	44 34 13 61
1294	18 7 40 66
1295	19 8 59 45
1296	55 35 60 43
1297	60 62 15 14
1298	58 8 53 50
1299	25 49 61 16
1300	12 60 57 43
1301	49 26 32 2
1302	55 32 22 48
1303	51 62 16 26
1304	58 7 65 10
1305	42 61 14 68
1306	58 37 40 57
1307	27 10 47 49
