Students	1111
1	79 7 23 9
2	18 32 70 27
3	1 12 48 24
4	11 24 23 55
5	54 16 66 81
6	19 15 33 35
7	78 39 21 67
8	68 31 60 49
9	66 43 40 3
10	3 82 43 76
11	7 24 84 22
12	64 23 62 57
13	37 25 51 60
14	26 9 1 32
15	46 20 42 38
16	56 40 21 1
17	65 64 76 10
18	81 16 19 52
19	80 53 27 62
20	17 62 21 73
21	80 72 2 83
22	60 47 72 74
23	47 11 43 32
24	6 20 81 78
25	40 24 36 78
26	81 60 2 83
27	67 64 75 8
28	7 65 41 6
29	30 39 34 28
30	30 63 80 26
31	3 23 41 34
32	61 75 83 72
33	16 15 85 66
34	72 69 10 31
35	66 44 19 5
36	76 14 75 28
37	64 71 80 61
38	14 36 78 41
39	60 35 23 15
40	34 60 69 49
41	17 13 25 51
42	64 4 76 21
43	36 18 15 78
44	63 35 14 27
45	8 20 35 63
46	83 77 60 32
47	62 78 15 7
48	5 44 82 63
49	50 54 39 51
50	45 70 48 62
51	25 7 76 9
52	43 1 84 13
53	84 29 70 86
54	80 7 77 59
55	16 25 18 49
56	19 49 86 23
57	76 4 20 10
58	26 45 81 80
59	59 24 19 3
60	50 32 55 17
61	62 15 9 17
62	3 72 19 57
63	30 57 39 3
64	11 19 54 1
65	65 44 1 82
66	57 62 15 75
67	36 64 21 57
68	63 9 5 47
69	80 11 55 75
70	78 5 46 54
71	46 50 29 24
72	17 85 15 80
73	54 82 52 6
74	5 64 57 11
75	48 63 37 43
76	18 35 6 70
77	82 28 23 79
78	63 68 3 79
79	76 3 37 28
80	14 75 24 48
81	38 45 80 33
82	66 29 84 51
83	2 41 57 62
84	32 80 55 63
85	80 15 32 41
86	19 84 4 5
87	43 79 14 86
88	12 32 57 63
89	24 19 76 26
90	56 14 18 84
91	83 45 28 85
92	42 14 69 34
93	69 42 15 29
94	28 31 72 16
95	43 30 67 70
96	83 17 70 15
97	2 47 44 26
98	83 82 28 31
99	35 36 76 17
100	3 58 53 26
101	12 23 76 20
102	11 72 53 35
103	43 21 15 2
104	35 59 61 62
105	6 53 48 19
106	70 78 14 4
107	38 40 32 55
108	69 46 36 47
109	11 4 12 54
110	12 47 75 74
111	51 17 45 41
112	48 69 70 37
113	28 52 81 48
114	4 37 67 2
115	49 61 60 69
116	44 3 61 28
117	38 56 64 60
118	3 42 43 44
119	9 48 85 67
120	2 15 70 41
121	44 26 36 67
122	39 42 29 74
123	37 8 67 40
124	7 75 86 25
125	38 86 49 81
126	68 73 81 65
127	58 78 77 18
128	78 1 58 70
129	20 48 68 74
130	48 12 64 84
131	21 40 24 15
132	86 38 51 83
133	81 7 52 15
134	4 45 43 18
135	7 83 23 4
136	68 71 52 69
137	34 75 72 68
138	81 78 58 83
139	18 85 53 16
140	19 1 8 43
141	16 29 9 2
142	46 51 45 44
143	12 61 62 68
144	76 33 26 61
145	56 11 69 57
146	5 70 10 43
147	80 45 75 61
148	58 9 51 50
149	67 37 43 34
150	30 36 47 79
151	76 46 30 7
152	84 10 28 54
153	12 83 80 14
154	82 32 16 21
155	36 17 66 85
156	73 42 15 4
157	39 85 60 42
158	26 13 66 16
159	36 83 85 55
160	66 30 68 33
161	21 47 52 61
162	45 3 41 28
163	8 78 34 72
164	78 34 15 51
165	73 66 13 62
166	12 76 41 28
167	19 43 44 76
168	83 2 24 67
169	55 70 44 68
170	59 71 47 79
171	28 10 82 1
172	23 54 24 8
173	73 23 18 76
174	14 63 46 6
175	86 39 59 78
176	19 3 73 34
177	12 34 17 7
178	24 8 27 86
179	44 11 54 18
180	59 47 8 35
181	17 52 16 82
182	21 8 4 32
183	18 60 53 69
184	10 33 40 30
185	45 72 26 62
186	53 16 4 58
187	79 24 27 30
188	4 35 25 39
189	24 39 78 48
190	49 18 19 69
191	41 39 44 73
192	38 80 42 13
193	60 20 6 21
194	15 51 60 14
195	45 49 56 18
196	35 69 73 5
197	13 55 20 6
198	44 33 64 46
199	38 18 7 66
200	3 83 59 45
201	44 14 15 36
202	61 8 77 14
203	53 75 37 80
204	81 39 23 82
205	65 86 15 66
206	82 15 25 86
207	7 25 53 48
208	79 54 34 78
209	46 39 20 32
210	32 58 27 77
211	37 62 26 29
212	79 18 68 29
213	45 31 13 3
214	59 35 68 36
215	9 25 5 66
216	15 56 57 31
217	69 81 8 38
218	41 68 40 60
219	45 62 47 14
220	20 19 73 62
221	64 21 19 70
222	38 1 5 25
223	76 24 22 1
224	62 18 11 66
225	1 26 63 41
226	6 53 35 34
227	83 7 1 5
228	83 32 29 22
229	60 3 16 24
230	4 60 22 28
231	1 86 54 16
232	64 51 4 78
233	6 72 41 28
234	53 69 76 20
235	45 28 29 11
236	48 51 52 5
237	12 14 84 50
238	61 57 5 13
239	73 41 54 26
240	47 57 63 62
241	86 39 84 65
242	76 30 57 70
243	42 9 51 71
244	54 33 8 4
245	51 26 70 42
246	15 35 85 74
247	48 60 85 84
248	8 36 67 14
249	35 42 58 16
250	47 77 18 85
251	50 83 13 39
252	81 74 71 57
253	42 33 76 13
254	56 15 68 9
255	78 77 40 44
256	67 43 62 72
257	60 26 28 84
258	40 39 44 23
259	35 31 27 13
260	31 29 4 37
261	30 26 12 82
262	85 74 83 84
263	1 84 32 42
264	76 70 4 45
265	31 21 71 41
266	86 32 63 29
267	31 12 25 56
268	62 30 40 19
269	51 77 50 47
270	19 38 28 49
271	59 37 57 6
272	1 42 33 81
273	52 6 28 30
274	78 31 38 80
275	59 19 4 12
276	32 15 48 79
277	2 41 23 30
278	67 51 45 44
279	80 40 8 31
280	28 62 66 31
281	40 19 8 32
282	4 45 59 53
283	38 83 76 16
284	70 30 1 31
285	14 85 30 39
286	58 27 34 29
287	35 19 55 68
288	9 63 21 14
289	69 21 2 23
290	60 3 30 6
291	44 84 32 33
292	40 1 24 61
293	4 78 38 82
294	19 17 61 41
295	2 58 7 34
296	12 69 36 44
297	72 53 27 31
298	28 44 13 27
299	31 61 27 6
300	85 47 43 75
301	71 2 45 13
302	16 62 63 74
303	50 21 53 56
304	75 1 68 47
305	70 82 41 40
306	78 79 49 85
307	26 4 71 30
308	44 48 63 41
309	43 82 25 33
310	77 64 79 9
311	22 36 82 15
312	48 17 61 70
313	6 64 3 24
314	16 77 17 26
315	14 22 29 59
316	58 1 70 16
317	86 61 67 72
318	7 39 47 54
319	33 45 37 19
320	64 34 36 68
321	43 69 19 18
322	46 45 50 30
323	37 50 2 75
324	5 66 12 73
325	60 25 28 33
326	80 65 37 60
327	15 85 43 39
328	2 47 31 7
329	23 33 13 6
330	5 76 1 65
331	56 84 74 34
332	15 9 83 7
333	74 57 35 4
334	62 45 20 9
335	12 74 6 82
336	64 31 58 26
337	24 61 60 86
338	55 41 79 30
339	66 79 84 27
340	47 69 33 23
341	72 48 82 68
342	61 21 23 73
343	18 49 85 84
344	21 14 65 86
345	14 42 70 35
346	36 51 81 78
347	41 15 46 11
348	76 12 71 10
349	55 3 32 41
350	83 74 58 7
351	50 79 82 85
352	33 19 52 65
353	26 64 35 74
354	29 81 17 36
355	80 69 4 16
356	44 70 71 81
357	31 15 47 57
358	1 15 50 49
359	32 21 64 48
360	69 37 55 80
361	69 53 68 19
362	29 2 53 76
363	54 26 19 81
364	33 47 31 16
365	9 23 52 22
366	5 51 35 59
367	76 8 35 28
368	71 67 9 12
369	58 68 31 21
370	37 83 77 29
371	19 5 14 36
372	39 30 56 49
373	38 19 2 78
374	30 39 63 68
375	33 48 75 56
376	76 58 85 81
377	48 57 71 59
378	18 2 75 51
379	79 52 40 2
380	17 14 18 8
381	46 27 28 61
382	74 61 62 75
383	42 14 25 19
384	68 29 5 21
385	64 77 37 24
386	12 53 29 58
387	1 83 60 32
388	63 73 62 25
389	64 23 42 51
390	64 17 18 20
391	86 70 42 71
392	81 42 18 74
393	32 72 80 78
394	28 48 74 25
395	53 45 19 1
396	8 56 71 83
397	51 41 64 31
398	3 56 38 26
399	81 24 12 21
400	68 62 10 43
401	30 41 3 86
402	56 84 15 29
403	31 75 14 27
404	63 67 82 22
405	61 19 32 39
406	39 34 21 24
407	40 13 51 1
408	52 61 82 43
409	9 84 77 21
410	75 51 25 38
411	3 32 24 74
412	2 72 84 36
413	28 31 82 34
414	53 7 6 39
415	5 37 12 44
416	5 73 50 42
417	71 76 19 15
418	19 64 27 29
419	17 7 3 23
420	29 76 53 6
421	46 30 77 83
422	79 21 58 62
423	35 18 42 5
424	63 19 28 80
425	60 70 39 56
426	19 66 44 31
427	44 54 15 39
428	10 44 12 9
429	70 69 71 2
430	68 64 39 21
431	30 26 51 24
432	85 67 1 79
433	50 85 69 52
434	71 54 70 76
435	81 23 18 56
436	41 3 46 6
437	55 56 51 8
438	12 14 8 74
439	74 27 40 57
440	78 41 22 25
441	22 85 67 32
442	26 66 20 47
443	55 75 25 74
444	1 77 47 11
445	63 37 77 2
446	19 57 27 47
447	78 12 4 70
448	15 20 69 49
449	73 6 81 40
450	70 25 50 83
451	34 37 5 41
452	60 4 6 13
453	48 61 41 46
454	29 52 86 43
455	26 86 68 53
456	73 5 43 34
457	49 59 27 77
458	73 82 26 36
459	7 47 38 81
460	12 13 64 29
461	38 74 40 54
462	45 56 80 9
463	54 4 15 72
464	19 85 43 70
465	35 52 76 59
466	53 24 61 18
467	20 41 22 66
468	24 22 14 64
469	66 27 61 44
470	11 62 9 2
471	56 36 84 16
472	46 25 47 13
473	79 62 71 20
474	18 67 72 53
475	31 69 84 86
476	85 2 25 28
477	64 3 82 37
478	75 37 33 76
479	22 12 74 24
480	28 16 24 49
481	44 1 7 61
482	81 66 30 64
483	54 62 84 12
484	9 34 28 19
485	77 45 76 15
486	85 75 50 20
487	65 34 9 7
488	50 32 43 37
489	18 3 20 48
490	18 28 62 63
491	40 76 18 34
492	15 6 82 5
493	31 18 75 66
494	80 47 73 65
495	26 70 35 56
496	15 4 1 24
497	7 22 6 49
498	67 35 6 70
499	25 47 38 22
500	65 37 53 74
501	48 8 29 16
502	8 17 33 2
503	42 85 2 12
504	71 38 81 67
505	60 76 12 73
506	28 22 80 69
507	36 17 63 61
508	35 41 23 70
509	62 27 22 43
510	28 53 15 47
511	7 25 76 15
512	48 77 7 11
513	28 77 8 33
514	73 37 64 70
515	60 44 46 78
516	8 59 86 76
517	77 80 6 85
518	64 32 16 62
519	59 63 52 32
520	15 58 18 2
521	21 86 15 29
522	16 70 74 9
523	66 62 30 71
524	43 2 59 7
525	46 41 59 6
526	10 60 6 1
527	59 44 20 62
528	29 53 5 25
529	67 14 56 78
530	75 66 1 51
531	15 6 44 1
532	77 46 42 79
533	11 74 47 86
534	77 55 18 52
535	83 79 20 26
536	69 50 79 4
537	49 64 77 28
538	70 2 32 65
539	15 76 24 69
540	57 12 64 3
541	30 63 69 6
542	30 43 40 84
543	69 15 6 27
544	31 20 24 75
545	39 12 41 9
546	81 32 31 83
547	33 32 70 71
548	61 52 3 64
549	12 72 65 34
550	3 72 80 46
551	54 69 55 25
552	43 28 82 69
553	57 65 74 8
554	40 5 75 85
555	42 20 15 9
556	57 53 43 85
557	47 9 67 54
558	32 50 53 5
559	2 46 22 38
560	46 49 24 76
561	58 86 64 57
562	51 71 29 22
563	16 82 20 2
564	80 1 58 54
565	85 56 29 10
566	18 9 15 82
567	2 64 79 27
568	55 19 30 12
569	30 83 72 37
570	65 34 72 29
571	81 69 73 40
572	47 17 16 11
573	61 15 45 19
574	49 17 36 5
575	7 37 80 12
576	17 55 2 24
577	52 45 30 39
578	6 12 67 11
579	37 83 27 31
580	57 5 16 76
581	29 30 35 45
582	32 25 14 27
583	17 52 29 21
584	13 64 56 82
585	27 53 31 82
586	28 21 59 39
587	32 11 39 68
588	10 58 1 61
589	73 62 48 77
590	40 41 31 6
591	60 34 3 45
592	80 79 43 40
593	56 77 18 37
594	44 50 42 28
595	47 11 44 54
596	36 37 57 55
597	76 25 58 37
598	25 24 73 6
599	47 2 7 15
600	69 7 46 32
601	20 45 84 39
602	39 33 77 70
603	65 32 5 9
604	80 38 34 63
605	51 36 76 3
606	9 17 77 45
607	68 66 56 35
608	56 57 41 61
609	15 8 21 22
610	33 75 68 58
611	25 37 53 51
612	74 25 4 45
613	28 72 45 27
614	48 62 5 15
615	46 34 8 29
616	52 14 82 71
617	15 7 47 77
618	11 58 10 70
619	12 35 62 80
620	16 40 39 61
621	76 59 84 8
622	7 15 68 43
623	5 43 51 76
624	11 57 76 78
625	34 32 9 36
626	21 26 80 36
627	45 32 74 76
628	40 5 50 34
629	54 62 75 19
630	37 82 35 69
631	36 21 83 78
632	78 75 83 20
633	52 34 22 32
634	61 20 73 6
635	29 51 63 13
636	46 28 76 50
637	12 31 35 9
638	11 51 74 40
639	25 13 3 18
640	21 12 41 80
641	74 21 17 37
642	55 14 62 33
643	72 80 35 43
644	8 25 21 24
645	65 10 5 37
646	7 31 62 10
647	16 19 14 82
648	23 1 5 50
649	48 37 28 33
650	42 76 58 60
651	19 74 67 44
652	23 28 17 67
653	54 67 28 51
654	2 44 9 85
655	82 6 34 73
656	48 66 75 24
657	12 60 1 16
658	28 25 33 27
659	43 72 1 35
660	75 72 57 51
661	61 78 82 38
662	14 12 64 13
663	63 42 54 61
664	59 42 65 51
665	81 31 77 33
666	46 83 65 68
667	20 11 19 40
668	71 64 7 46
669	17 20 14 52
670	58 61 85 80
671	3 75 46 77
672	7 6 62 78
673	74 64 55 52
674	57 84 62 56
675	47 8 4 45
676	19 21 3 46
677	77 20 27 15
678	39 13 3 33
679	22 40 3 79
680	70 41 64 13
681	14 20 42 59
682	21 52 24 7
683	80 59 14 41
684	27 10 40 11
685	56 55 4 46
686	60 1 62 6
687	7 8 58 23
688	83 20 35 80
689	2 55 47 28
690	6 41 26 14
691	64 54 74 21
692	36 41 71 48
693	23 35 38 80
694	15 22 80 43
695	52 1 14 17
696	67 52 50 82
697	37 12 49 80
698	21 8 80 73
699	24 79 70 28
700	5 51 31 33
701	42 4 23 14
702	9 46 2 45
703	9 13 48 27
704	53 70 30 85
705	77 85 79 22
706	30 81 72 11
707	79 28 42 48
708	51 57 23 74
709	50 1 23 43
710	55 44 51 7
711	57 9 40 75
712	10 48 49 56
713	36 79 58 60
714	52 17 74 72
715	17 39 24 66
716	23 81 74 56
717	76 14 10 75
718	42 29 38 13
719	11 63 46 13
720	78 15 52 41
721	6 67 14 76
722	24 70 63 75
723	38 79 86 5
724	53 78 74 70
725	44 86 6 65
726	6 44 45 61
727	62 32 81 57
728	86 5 81 31
729	70 17 84 71
730	76 27 79 38
731	41 72 19 66
732	45 5 44 76
733	22 34 46 80
734	62 9 1 45
735	3 77 31 68
736	5 68 19 41
737	10 23 55 70
738	6 50 7 22
739	59 24 2 62
740	3 52 20 74
741	76 33 23 44
742	44 80 47 2
743	85 21 69 63
744	7 43 85 26
745	38 34 47 46
746	85 61 11 18
747	59 47 51 43
748	8 36 78 61
749	7 75 56 26
750	29 47 2 72
751	10 40 22 81
752	15 39 50 2
753	80 43 63 73
754	8 10 42 71
755	7 5 40 27
756	64 47 37 28
757	41 15 14 47
758	35 62 18 51
759	34 9 55 43
760	37 50 13 81
761	18 21 15 57
762	63 60 46 52
763	56 19 35 4
764	59 15 74 6
765	75 86 34 46
766	8 80 11 62
767	14 53 23 51
768	53 83 65 30
769	32 85 66 47
770	76 83 56 47
771	73 12 36 24
772	46 82 75 80
773	79 11 21 65
774	33 47 39 28
775	6 26 35 45
776	73 20 61 83
777	85 74 80 6
778	36 20 4 37
779	72 75 50 37
780	4 66 8 54
781	17 22 51 41
782	34 60 65 37
783	64 67 36 13
784	51 62 17 21
785	52 71 12 5
786	51 79 38 23
787	80 74 37 18
788	34 83 42 7
789	48 17 12 86
790	38 20 27 43
791	59 28 70 30
792	62 68 56 57
793	5 54 48 63
794	70 65 75 38
795	84 34 16 44
796	65 79 15 45
797	61 51 63 70
798	21 22 39 32
799	10 55 69 29
800	11 32 62 14
801	28 18 5 58
802	76 47 63 68
803	8 10 13 12
804	7 25 79 35
805	63 83 69 85
806	24 52 13 39
807	41 40 33 55
808	76 59 48 64
809	22 43 40 39
810	3 45 46 18
811	48 54 62 24
812	44 27 11 1
813	23 34 53 52
814	74 11 44 58
815	27 82 56 42
816	5 32 84 33
817	39 9 2 73
818	59 85 6 25
819	43 6 18 35
820	50 66 34 25
821	71 37 16 60
822	79 57 63 32
823	19 65 20 74
824	41 60 5 3
825	60 52 15 2
826	57 36 14 35
827	59 41 65 35
828	16 57 65 2
829	86 63 67 64
830	62 57 40 36
831	48 15 28 68
832	61 53 74 22
833	70 37 64 51
834	45 14 75 57
835	27 28 23 86
836	60 37 1 56
837	16 5 49 8
838	50 24 53 29
839	6 24 78 34
840	17 8 31 5
841	43 26 76 22
842	1 44 9 21
843	64 16 12 26
844	84 22 28 25
845	63 50 70 53
846	45 30 10 22
847	23 68 63 83
848	60 9 82 69
849	17 27 5 69
850	33 83 29 64
851	82 52 12 19
852	15 58 17 13
853	22 20 69 74
854	66 62 17 34
855	43 75 55 10
856	40 9 56 66
857	42 41 52 48
858	52 64 65 85
859	15 24 17 65
860	70 2 39 75
861	18 19 37 17
862	28 67 40 81
863	9 5 29 59
864	10 77 20 12
865	56 66 68 55
866	81 70 25 22
867	81 74 17 19
868	80 35 41 63
869	32 86 71 3
870	35 40 25 29
871	3 40 32 63
872	69 43 63 9
873	40 79 50 6
874	8 47 51 72
875	10 71 44 52
876	30 73 42 66
877	47 43 33 6
878	18 17 30 23
879	64 61 44 26
880	71 82 11 16
881	46 24 85 32
882	55 64 49 50
883	10 3 12 75
884	2 42 56 82
885	75 65 85 10
886	16 80 64 35
887	5 35 3 28
888	65 52 28 13
889	52 30 59 43
890	51 31 66 45
891	40 85 41 5
892	58 11 34 3
893	19 57 39 43
894	14 57 15 2
895	43 69 72 83
896	84 32 26 80
897	11 74 56 80
898	33 26 21 4
899	7 33 39 74
900	16 74 69 43
901	75 80 67 21
902	55 18 15 27
903	80 68 73 20
904	20 18 26 27
905	9 45 71 17
906	49 75 80 40
907	58 71 86 30
908	38 60 78 62
909	78 4 69 22
910	2 60 43 70
911	76 4 63 61
912	72 4 68 47
913	38 85 76 1
914	16 37 31 2
915	11 57 53 86
916	39 42 25 48
917	82 66 18 86
918	73 29 18 60
919	51 5 32 14
920	23 39 3 10
921	67 60 65 77
922	78 59 13 60
923	11 12 15 39
924	8 70 9 58
925	23 62 29 1
926	30 86 22 79
927	45 79 20 69
928	63 45 10 60
929	80 16 43 51
930	45 20 62 22
931	74 41 75 85
932	68 35 48 52
933	59 41 72 53
934	54 14 17 20
935	29 47 64 34
936	21 33 44 61
937	5 37 32 71
938	25 86 17 80
939	24 34 5 51
940	54 63 79 17
941	32 24 69 8
942	27 42 14 51
943	54 2 71 78
944	24 62 2 14
945	72 33 79 29
946	86 60 26 2
947	47 41 25 26
948	83 26 65 86
949	59 68 26 79
950	50 72 10 21
951	22 9 74 45
952	17 45 65 71
953	12 64 24 51
954	17 1 85 3
955	7 64 37 74
956	52 57 79 63
957	60 3 6 33
958	76 6 51 80
959	62 34 28 76
960	83 48 51 4
961	62 49 22 38
962	40 41 18 85
963	84 52 68 44
964	7 63 18 52
965	19 62 14 37
966	76 8 21 49
967	41 68 69 18
968	7 61 24 58
969	46 67 27 78
970	35 7 5 43
971	77 72 59 40
972	76 67 58 13
973	24 5 31 72
974	41 26 49 11
975	57 31 18 53
976	36 23 55 24
977	35 23 76 43
978	36 79 58 57
979	72 80 16 71
980	30 32 84 63
981	2 63 69 45
982	40 19 37 80
983	14 32 23 39
984	59 36 49 28
985	27 33 3 81
986	62 27 77 49
987	63 45 68 86
988	5 37 55 80
989	54 48 47 32
990	21 38 47 4
991	80 23 4 58
992	40 55 7 56
993	15 23 30 6
994	64 82 4 49
995	78 59 23 70
996	66 73 20 24
997	73 81 63 16
998	81 31 15 54
999	22 37 25 84
1000	68 2 33 5
1001	44 23 11 70
1002	13 25 14 86
1003	75 36 42 4
1004	23 85 45 61
1005	44 23 57 26
1006	76 30 63 23
1007	19 60 29 11
1008	55 64 35 61
1009	53 20 67 43
1010	70 72 9 20
1011	83 66 2 71
1012	13 44 24 75
1013	32 64 61 50
1014	85 70 52 82
1015	32 23 1 10
1016	5 71 54 72
1017	23 15 74 43
1018	32 71 77 24
1019	62 86 20 51
1020	34 8 74 48
1021	53 46 22 56
1022	14 31 80 27
1023	13 10 43 78
1024	52 18 25 65
1025	5 69 68 31
1026	9 63 36 15
1027	29 4 63 10
1028	49 43 20 48
1029	67 27 79 26
1030	62 81 48 5
1031	79 35 19 82
1032	38 20 59 85
1033	64 83 5 23
1034	73 28 42 15
1035	14 5 77 57
1036	56 73 2 77
1037	36 22 72 51
1038	45 13 73 63
1039	83 37 46 25
1040	13 35 39 51
1041	2 70 84 28
1042	71 41 44 77
1043	63 49 69 24
1044	73 36 52 75
1045	61 52 17 16
1046	55 48 58 84
1047	10 34 67 59
1048	3 71 6 55
1049	21 55 45 2
1050	63 34 22 23
1051	86 26 13 50
1052	73 11 77 51
1053	40 30 34 36
1054	76 60 54 39
1055	12 74 61 1
1056	67 5 76 50
1057	40 5 43 36
1058	47 37 53 68
1059	65 18 58 30
1060	53 37 29 75
1061	48 50 30 13
1062	69 53 67 22
1063	53 33 77 64
1064	58 44 56 62
1065	25 80 56 42
1066	1 33 13 10
1067	32 33 69 75
1068	44 68 50 62
1069	83 29 67 75
1070	32 60 8 35
1071	17 37 82 67
1072	75 78 74 25
1073	43 79 76 31
1074	15 74 25 4
1075	1 6 75 69
1076	32 65 61 83
1077	76 43 62 18
1078	48 6 56 73
1079	38 36 8 17
1080	3 42 50 76
1081	81 1 14 9
1082	7 31 14 59
1083	18 50 65 76
1084	72 34 47 76
1085	85 75 5 47
1086	13 18 84 62
1087	65 81 84 75
1088	81 69 7 39
1089	42 55 43 33
1090	6 58 70 61
1091	11 22 19 45
1092	66 22 8 34
1093	27 52 81 29
1094	10 65 29 44
1095	68 36 54 73
1096	47 20 18 62
1097	52 3 31 59
1098	68 37 67 24
1099	75 28 50 40
1100	37 41 4 57
1101	47 48 19 30
1102	66 76 67 24
1103	28 30 7 79
1104	62 74 57 46
1105	72 34 31 74
1106	80 30 77 68
1107	57 56 59 32
1108	70 33 5 22
1109	52 8 63 67
1110	59 38 65 28
1111	19 78 66 9
